-96 -82 -119 116 148 -20 47 143 -56 115 114 -22 85 137 24 -95 -22 93 21 16 96 166 -171 -20 134 27 -44 -37 -21 -55 203 1 16 -17 -88 -15 -41 138 32 13 84 63 -44 -86 -15 -51 -10 117 -28 67 -7 100 146 57 6 20 -35 35 -52 -41 38 100 112 109 4 -49 -90 230 -105 70 -59 25 30 90 -49 96 215 -22 85 119 -80 91 -10 -6 -130 125 131 74 -47 121 -6 97 -17 122 -201 -114 -92 161 143 86
30 -8 -91 156 -48 -83 -45 43 -241 -253 70 128 85 -47 -198 -65 113 -45 66 106 12 24 -142 63 38 -33 110 24 -10 73 127 153 17 76 -43 -103 195 22 -158 24 40 160 142 11 189 -95 52 -202 -76 109 102 -71 -22 183 3 -33 39 -53 -66 -26 -92 -32 70 6 82 117 62 84 -8 176 138 -113 55 108 96 62 -7 -86 -15 248 -134 15 -46 85 160 79 -97 -9 -144 -77 -31 61 35 173 69 -81 40 -20 -75 -57
123 -54 -68 -56 70 -126 83 74 226 58 -27 -7 70 159 18 142 35 -9 49 34 -67 111 69 119 52 -38 -143 8 -45 97 96 136 -104 58 56 215 52 -57 43 88 -104 -78 105 85 185 -11 136 10 -1 -53 8 -17 184 54 38 112 28 -169 -17 71 -9 -50 80 61 36 181 74 -23 109 14 29 -17 98 57 -58 -128 20 3 122 51 89 -69 53 9 -124 -28 119 9 34 -14 -22 69 -95 -79 -79 49 49 -201 -11 -79
67 36 69 89 121 -37 182 105 145 79 -22 -78 -36 81 130 41 13 -31 43 -91 -50 -36 144 108 51 65 3 195 57 76 -48 -28 -14 -5 -95 223 96 108 127 26 -29 180 99 -5 5 32 62 20 118 -105 18 88 85 8 64 182 -9 7 -81 10 -42 -10 -24 -14 19 132 48 -87 90 125 101 -83 84 77 57 -45 131 -18 -11 18 61 -55 124 -43 177 -17 152 40 5 41 -17 6 -28 -190 -9 152 -17 -11 156 28
156 41 74 11 -29 -38 -60 8 -29 -6 -141 5 -58 -40 22 -43 -131 1 27 57 114 22 -56 -26 -52 29 47 79 -41 -7 80 6 -4 89 52 -33 -130 105 -18 74 -15 -60 -41 -69 12 36 105 -103 45 52 4 -58 65 54 -142 64 -1 2 -28 9 5 -83 -7 80 -104 -57 34 -65 -185 20 49 -49 -72 91 37 -135 77 23 -75 -24 170 39 31 -27 -41 43 201 68 185 138 74 38 -31 -45 -12 139 83 69 51 94
-64 11 -10 -38 28 116 27 -39 137 30 179 129 10 -23 -90 -61 -10 162 1 3 -46 69 -116 13 -172 34 -119 63 -130 118 37 95 115 16 70 34 143 5 174 -77 -97 -113 112 -19 87 14 49 -34 25 147 -18 -6 84 31 -31 -117 19 -36 30 -73 177 47 96 28 132 -29 -44 50 -78 -76 25 -5 115 17 59 39 97 -30 100 115 93 75 114 -40 -186 68 85 -17 31 11 -25 2 163 159 -28 146 -88 81 148 134
60 -52 90 -21 -7 5 215 34 145 144 -146 -48 68 154 37 140 61 -24 -114 -32 9 -43 -86 -104 107 111 24 -58 30 100 19 -16 148 37 -2 155 -102 97 176 -45 24 -26 25 -15 46 136 -105 -32 204 -11 -47 52 -19 44 96 -37 155 -131 -93 -18 2 125 106 134 22 121 -1 118 81 56 14 -71 49 124 58 -111 161 -72 193 77 11 5 -50 124 105 76 266 196 314 31 144 109 61 -63 38 111 95 49 138 136
47 53 47 5 99 38 61 67 131 -5 18 -96 93 -15 70 -42 -75 12 -97 -140 103 -40 -38 -25 1 35 -77 111 92 68 23 -48 19 107 15 53 -195 -53 31 47 0 39 -82 -5 -121 -106 98 76 12 -8 85 141 25 -20 83 75 39 -34 -29 23 27 -103 -54 52 26 -100 80 116 44 21 -114 -90 86 -55 4 136 178 47 28 33 -6 -59 13 -15 72 44 49 -73 2 -47 -16 67 36 -49 79 111 -30 27 -119 116
59 -76 -78 -80 -55 62 7 68 96 85 -40 91 30 -56 -61 130 -25 -215 -30 -27 118 -10 -52 -84 -36 19 -68 35 -82 10 -80 -120 -106 -114 153 -1 -67 109 94 -16 -15 -150 77 77 123 15 -34 -8 -15 -28 32 133 -60 -21 4 -68 -128 100 -6 6 -31 14 -105 65 -39 100 14 20 -80 113 -36 64 1 82 -14 -29 -46 69 56 -16 113 40 -142 -13 6 44 3 15 80 -15 84 36 32 8 16 26 119 9 -58 -16
-42 6 -5 -85 41 160 117 199 103 188 31 100 141 -114 -43 144 48 -139 -78 -106 -19 121 -49 -14 -67 118 78 -87 8 54 20 9 -27 21 96 91 155 216 44 -8 -11 -24 76 5 50 4 -68 244 63 -33 -24 143 173 17 8 31 84 125 164 54 60 62 14 82 -39 37 130 36 217 55 -13 87 -29 91 -95 46 55 141 161 13 310 -16 -33 -9 -40 124 64 118 222 -25 24 94 131 77 31 177 50 115 -54 10
-44 -127 2 -14 -89 -39 69 76 -7 -32 206 51 -34 -29 -92 -79 0 -165 117 258 25 0 63 111 9 -80 32 57 -81 -17 -50 69 44 33 116 53 62 -8 -3 -122 53 -77 193 2 383 -29 132 14 148 85 75 15 -9 158 -86 -16 82 -22 180 153 56 117 207 94 160 58 113 82 114 123 101 68 -65 -3 154 51 -25 141 125 96 152 65 -107 -49 -8 -4 122 116 108 48 83 190 16 181 36 112 47 45 61 65
99 0 206 18 75 -17 56 -91 222 133 159 45 154 97 143 283 171 289 36 159 -88 113 122 61 3 85 88 56 -56 95 -13 14 75 73 -2 -31 163 171 46 22 93 0 8 -52 206 100 29 57 62 -59 202 -29 -75 78 76 -30 163 62 75 12 106 201 57 -60 89 137 42 23 226 65 48 246 62 8 79 53 -114 6 154 58 185 183 51 48 44 231 97 -16 111 -38 129 65 -4 187 104 182 26 45 175 -120
40 187 58 -22 37 64 123 47 -72 -9 52 -2 -22 52 48 13 -79 8 -158 -41 -107 53 7 41 152 53 -13 -76 49 -157 -24 -73 35 69 -20 100 4 -71 -3 2 -133 181 -65 136 45 140 49 -114 -61 72 97 -80 27 248 55 99 143 -38 11 3 -50 12 138 94 91 71 102 -2 -55 138 -28 47 39 78 120 55 176 -115 -30 134 -1 -17 -16 15 -75 -112 20 -11 111 -51 62 37 -24 167 -232 93 63 -70 154 116
-95 -86 63 26 -51 -68 58 -143 -83 1 -5 109 8 -66 -97 -54 -121 -59 -32 -25 -70 69 73 -31 -40 -35 72 48 4 -52 -149 -45 12 -20 34 81 146 64 179 101 64 -72 -26 -6 203 42 73 -64 -80 29 -17 18 -153 189 7 178 17 17 -18 109 40 45 12 20 77 -52 121 32 40 34 12 121 45 42 -35 -17 -71 -53 142 90 72 57 -196 -87 58 -13 119 -11 59 -75 38 102 -62 135 12 51 61 59 96 -59
-33 -118 -39 -45 -19 35 -120 -161 150 -66 -112 13 -37 0 -11 -25 85 31 82 -64 100 -31 47 33 -139 -29 -7 113 -11 46 -3 48 51 91 121 170 -61 -98 21 41 190 -158 58 -112 65 -24 54 -2 -24 -49 139 -56 101 -186 -9 4 -97 80 -101 132 68 8 -54 37 -31 -145 51 111 -3 -99 -114 55 157 -2 27 -7 153 35 -30 -167 63 91 -45 23 40 31 171 44 -81 -42 26 -33 57 -26 111 -47 167 -26 -146 -47
79 -10 12 174 17 100 70 51 48 -3 80 -11 29 81 -10 91 39 132 -113 170 -18 -4 -122 -44 -74 90 -131 188 -59 76 42 -1 -32 89 -55 142 58 1 75 -56 -98 -8 22 -105 37 98 -50 23 113 11 41 -80 -9 4 54 34 140 -53 -4 -31 -60 101 -111 -118 136 -59 -15 -6 116 -57 81 -37 88 115 -193 -103 20 58 39 -106 121 3 153 151 -182 -5 253 17 23 58 37 165 -77 46 36 115 29 -87 167 146
-55 17 4 162 -196 0 188 -18 67 -34 67 57 114 -88 54 147 71 4 120 91 16 10 73 67 -35 -67 148 111 60 -45 -83 -26 10 55 167 -4 8 -13 51 -78 101 -169 -20 7 130 149 -107 -91 -47 107 30 -101 -195 197 55 33 68 -176 93 57 -74 111 -3 -134 23 55 169 -65 71 67 68 5 48 127 -31 -45 3 -21 161 31 174 46 -54 115 6 56 52 26 -57 -84 110 36 -31 176 0 23 120 -226 68 -45
-73 122 87 30 85 -90 80 -23 67 95 97 -160 80 -10 -74 130 -130 -193 63 102 -99 15 50 -41 78 95 221 45 152 33 69 -10 9 111 195 -15 26 229 -78 34 86 34 191 140 161 -36 128 128 77 -103 189 -92 8 101 -88 -54 -40 -20 101 183 -104 47 142 75 -30 77 -6 -31 13 97 -84 87 5 69 84 60 17 -1 -31 54 67 94 54 -56 116 88 -98 11 82 35 -70 -69 -4 99 -43 150 30 51 -44 85
164 55 -38 -34 141 40 103 -27 -23 -17 86 -134 68 42 -62 157 128 -59 -6 70 3 -116 -22 166 89 124 117 96 26 123 79 24 -17 63 36 -88 54 -93 45 -47 73 63 76 48 174 12 6 -129 63 -25 140 -84 -14 -41 97 9 59 -53 52 -73 30 40 0 35 79 -12 67 -21 27 141 -17 103 1 -32 29 73 14 -31 102 25 -17 103 47 -49 80 15 -37 2 115 -23 68 -137 -54 187 -21 -23 74 138 -12 -3
112 101 -15 248 11 -1 59 -6 37 17 7 -38 -32 -41 -63 94 44 -25 -21 5 -46 -118 75 66 23 19 -11 57 10 103 50 -2 3 -11 -30 19 -9 29 60 -25 151 -28 -34 -53 9 -128 4 -44 1 -130 -39 -1 -46 -19 74 43 -199 25 -184 45 64 88 -36 97 107 -63 15 22 3 12 57 129 -99 18 82 -4 -3 -73 -17 -56 37 -2 69 -91 -74 -34 105 13 20 40 7 -40 73 -77 198 30 89 109 207 -105
47 28 36 -12 -63 99 41 -19 47 68 -28 85 61 21 -32 -73 116 71 -21 -67 89 -166 -118 57 -22 77 -27 7 21 11 100 87 166 3 -11 -53 52 147 82 -27 4 33 -35 84 0 32 131 108 59 39 -15 -36 124 -51 53 77 118 73 -103 -120 5 92 111 65 -42 77 -87 34 31 84 -38 -185 72 133 168 -121 28 35 18 -43 -18 -70 52 -4 143 -19 77 -26 108 49 141 -26 -23 -24 -11 246 -45 8 109 71
-27 163 92 -57 55 94 -65 -37 -20 -64 205 97 73 116 101 96 -23 55 -16 161 -152 71 1 46 125 40 -34 78 -47 102 29 -24 103 112 60 70 73 102 15 106 -80 37 65 21 164 156 -49 -82 74 32 36 128 -6 85 128 -45 26 106 48 90 -12 35 -94 54 76 -1 88 -12 30 -50 37 109 44 17 35 -4 -71 -16 157 210 101 166 142 -14 14 173 58 47 99 -25 -94 51 25 140 -112 107 -52 58 2 -70
41 -29 -3 -62 115 -61 42 59 -103 62 73 11 109 51 51 82 -50 -82 -94 8 -30 54 27 -23 102 -141 32 -191 113 149 24 -9 140 53 -31 97 122 118 69 54 14 59 -53 133 85 -88 -35 106 -43 -42 54 28 -38 118 72 -12 29 -19 -92 -173 -10 78 -60 85 70 15 106 27 5 53 -68 100 13 224 22 5 -78 -51 141 171 52 69 -129 -21 12 13 35 -68 72 9 50 83 -48 61 -165 6 50 84 -37 11
24 -24 -38 -48 84 26 -53 -17 -28 -18 42 0 3 34 -98 -129 40 -36 -79 140 -100 96 -44 45 17 89 -57 -63 6 -20 -75 11 62 -51 -161 24 -100 -139 -37 104 55 22 -71 104 -152 48 121 -18 -177 116 96 165 -7 121 -45 13 60 18 5 -34 -107 -43 -111 97 -63 -63 -77 -102 -117 -53 226 112 78 -16 145 138 -138 254 -40 44 122 32 55 25 53 195 -45 -12 95 58 34 -16 2 49 -88 -33 42 -4 -60 101
95 -48 -57 53 21 129 152 35 -134 35 84 -1 -54 -93 25 -14 -6 45 -32 72 -35 -88 -189 -105 -9 96 -10 -60 -52 1 15 63 101 -25 44 70 -100 80 -147 -68 89 -17 30 -152 -9 35 -181 1 -112 114 123 135 -50 138 27 -110 -22 172 63 51 44 164 34 59 3 -284 65 101 -21 -22 51 7 -4 37 149 31 59 52 28 265 47 165 -9 53 3 28 65 -39 87 25 22 -47 143 80 -31 50 53 150 157 40
-49 178 -88 42 96 -124 -177 -23 -113 14 -95 -25 -112 -49 -83 -127 -180 35 -55 30 -7 -99 8 11 -5 -70 -36 -70 69 -61 -24 121 29 0 66 15 -108 76 16 70 -74 -152 -135 189 -52 45 18 -17 -149 -78 20 137 -213 9 -19 5 101 -57 64 -168 -80 -39 -23 4 33 33 -84 95 -103 -3 117 86 1 128 136 14 -144 86 92 148 -22 69 152 -32 -69 35 -26 -83 151 142 -28 86 80 6 -92 -37 -31 -32 43 44
-42 -54 88 -130 -49 16 125 -26 53 187 -91 54 28 -71 -164 -39 153 69 -62 -38 9 -75 37 107 -50 60 -93 -99 -46 -68 -140 111 135 -236 -83 141 81 105 144 123 -143 -6 -81 -29 100 106 -8 109 3 205 -159 94 95 64 -8 94 75 152 -33 122 -16 -128 52 139 97 50 -101 120 -45 -32 33 52 110 44 250 -21 -127 -162 36 76 54 3 -47 14 46 -42 78 31 125 68 26 87 137 51 -101 183 67 11 122 3
-15 -27 139 -24 -91 93 -103 84 -67 -80 17 62 112 -110 -62 -32 3 -130 7 -7 75 163 36 -21 -120 16 -71 26 -5 60 -38 -96 -57 -58 135 -54 -28 -50 58 -144 -64 -199 0 78 60 -4 155 35 220 -53 -164 25 -56 147 -120 -82 -20 -64 71 17 -42 108 -129 39 -82 90 105 -58 72 -2 140 -20 -62 -34 -76 -38 -153 54 67 -118 148 -94 109 122 76 36 18 3 9 -32 -45 24 -107 -116 187 93 153 -84 74 112
72 171 108 -160 26 182 17 30 52 -10 32 -18 -50 -41 27 -58 -136 59 137 16 -32 57 -65 128 86 48 36 -49 1 -87 -23 -65 -14 -2 117 14 158 -45 -76 -20 -194 141 129 77 81 16 37 13 36 -39 66 -95 -64 12 70 -104 109 6 137 -79 121 42 87 -58 42 134 44 -175 55 -19 118 76 29 -59 73 -22 27 35 -37 18 65 -19 108 83 -46 52 -30 41 54 -8 125 -79 -34 61 -66 107 -5 12 96 -50
-50 4 60 -48 -196 -36 21 -16 73 75 -55 153 47 -104 -165 58 -96 -28 80 70 7 -31 -107 -12 -132 -5 66 32 35 -29 -107 57 -129 -140 156 -4 74 7 149 -32 -35 -93 -54 81 177 21 24 48 43 0 12 -226 -119 90 73 23 -157 -134 36 14 -23 114 11 -94 -62 140 35 -88 126 145 9 6 93 87 -34 -79 -55 -69 -15 -12 95 -45 -152 79 -30 37 55 -88 -45 -93 -72 -5 -55 82 8 135 82 -137 111 -13
171 -98 -19 45 109 -59 43 37 152 180 40 -2 168 89 -12 121 -59 -90 26 110 -36 7 -1 -29 166 41 44 -199 83 115 127 49 83 190 2 147 124 67 -50 -40 88 60 88 113 33 -97 -179 -108 86 83 -7 90 116 -23 26 -7 -4 13 -59 134 29 95 -20 -20 25 -10 -48 -24 54 -12 64 -92 238 111 9 36 247 -4 50 165 82 -35 -132 -60 115 233 81 97 -29 -127 -109 -150 32 -61 138 57 7 -97 -71 142
218 -34 -38 75 79 -22 -58 30 -1 -18 99 -59 30 88 -60 -40 -42 -44 -63 -2 -13 -16 -41 234 152 63 -12 15 24 -81 95 -87 179 61 -19 40 44 46 80 -150 -52 175 34 344 118 17 120 -34 26 -64 138 -18 20 72 20 55 72 -1 -24 -110 -23 27 33 170 -6 97 135 12 -38 59 41 91 -101 -2 111 99 81 -2 92 71 95 11 -13 126 -64 -96 -19 -43 207 39 4 31 -63 67 -96 81 74 31 111 63
163 -46 138 1 123 134 143 -52 -20 40 43 111 -40 -134 -34 -59 82 -47 46 6 10 153 60 74 196 113 60 -66 82 -124 -45 4 208 72 137 -36 -29 149 -76 34 225 -24 39 36 55 68 -60 74 148 166 -34 42 137 163 -68 -8 46 90 -30 172 39 -3 83 173 88 96 -97 112 -103 -20 19 75 32 160 32 217 65 -10 -15 116 65 100 95 71 70 65 15 -47 17 72 116 112 111 39 -54 92 -68 66 26 73
168 -62 174 -80 237 -69 56 -42 63 32 -63 80 73 25 -42 20 152 165 15 4 33 161 50 85 -35 -28 -105 12 35 82 94 52 -31 64 -76 38 101 48 113 -18 -39 90 62 53 129 -3 200 -70 -64 31 75 50 46 130 4 -36 197 24 72 -95 79 39 50 7 59 214 -6 38 -25 -4 75 50 107 150 -55 93 102 -21 -23 162 -12 22 81 96 -32 85 175 233 4 35 8 87 7 44 59 -24 -118 -83 -27 -6
84 -15 90 53 -3 164 123 -85 -8 -117 152 -46 -10 -46 132 5 -77 -33 208 -71 58 18 -85 135 -1 -41 -43 74 13 -44 144 -19 -128 40 -45 -14 75 -9 -69 -48 58 203 95 -73 149 -20 -13 -39 166 -61 116 6 73 -89 62 62 -82 19 41 -6 -29 104 13 78 90 57 36 65 138 62 -73 -84 -83 15 -146 -63 168 61 -91 65 -2 -60 43 -111 -149 -88 74 -6 -79 -75 59 63 41 96 -21 152 -24 -130 37 -85
15 109 -152 50 -25 -68 -39 -3 21 49 -15 -4 69 76 89 165 18 -71 -155 -55 -13 -125 74 170 39 -98 35 -66 22 5 -20 -3 -45 -118 -188 283 57 14 11 -11 -88 146 67 100 -55 32 -10 -18 -84 -85 190 15 -258 -103 213 16 64 89 -60 -80 31 206 153 35 234 0 46 19 16 144 -66 74 -34 -29 56 -94 62 -38 5 70 13 -101 22 -28 -101 -64 0 28 75 -116 51 14 32 92 78 -21 -1 81 67 -11
68 76 -22 27 139 -144 1 131 117 44 -76 -13 -23 41 87 128 -63 158 52 -54 23 195 3 -11 -57 -53 55 -56 41 70 43 7 28 109 -4 49 54 61 -88 34 -44 -174 30 114 49 41 12 -118 -178 -186 106 106 -46 75 -84 2 89 36 48 -29 186 56 -18 -5 3 113 34 56 117 78 122 134 142 -92 14 85 -7 51 80 150 -45 181 97 69 111 181 -106 -13 22 143 -97 -53 16 10 85 -31 -67 -46 29 39
116 56 183 55 65 -27 94 89 205 7 -48 -38 26 -4 128 33 22 75 -8 5 -128 -1 81 139 50 -117 67 9 59 59 97 42 -65 2 92 1 -27 93 -39 -69 -126 72 -7 260 96 28 53 24 56 -72 28 -25 21 88 74 107 124 59 8 -5 -42 138 17 -74 164 282 -20 28 59 -42 -24 200 -54 13 -208 77 -6 15 -21 23 -22 -52 -42 206 86 -22 -78 48 -73 -58 -47 -68 -49 59 3 -36 -11 -75 49 -102
143 2 152 104 -44 -46 178 17 99 -36 10 -39 15 -31 106 -57 -110 -110 58 30 180 50 -28 -34 62 -81 -23 -30 -14 -52 19 -78 71 -24 142 -111 -90 75 115 58 233 -116 -72 -31 56 76 36 -71 43 -33 6 14 5 104 -10 50 148 -60 -11 115 75 122 125 51 118 67 -25 26 59 7 -84 15 46 246 -31 139 44 80 -32 89 23 -91 -88 59 7 172 81 -67 63 -3 217 170 3 38 -87 68 -21 -2 -47 92
113 71 85 -23 -2 242 55 27 -7 72 17 -82 -73 54 -31 -93 2 83 -103 104 0 14 28 37 65 52 -76 37 -108 -88 62 -117 107 0 59 12 -71 95 40 -59 -45 -46 78 69 85 35 64 -60 -29 20 47 134 -92 63 2 -48 157 -14 34 45 -69 27 -33 -19 144 110 6 136 -16 25 113 76 -6 24 69 -18 -29 -36 134 103 35 110 153 112 122 14 -32 71 129 142 89 -41 48 105 -67 -63 61 0 182 65
-101 -56 -115 44 109 -152 -52 74 -66 69 98 -52 116 -35 -1 67 -33 -46 -72 -80 70 72 63 88 -103 -135 -52 141 -28 69 -186 -45 -223 -91 -19 -46 -34 -12 138 23 21 -31 -52 -10 106 63 114 -8 -47 -13 117 27 -103 101 -2 -121 -89 -9 199 -44 42 7 115 -35 47 -141 2 -68 -122 117 -55 152 33 -20 -54 106 -111 -36 18 -40 -17 92 133 31 -19 121 -103 -106 -83 -4 -37 46 10 188 58 -152 -92 134 126 -25
156 -15 74 25 173 9 244 98 62 63 -21 -114 148 -112 44 33 28 64 -80 46 79 118 1 83 129 -45 97 72 86 71 71 31 -6 52 134 -58 70 19 52 58 107 72 -48 19 -40 -74 70 132 42 109 -7 -42 48 189 34 48 71 -94 -19 133 42 -14 179 172 135 114 -81 -19 -49 87 30 76 206 178 -62 -29 77 -80 -91 -36 -10 46 114 164 228 93 119 -16 -15 1 -87 -59 30 6 80 -52 -45 -30 33 213
-18 -83 65 -20 -29 91 -38 64 10 52 3 51 -61 -98 -24 -11 108 46 43 27 163 -10 -67 90 -3 137 29 118 -8 32 36 72 -32 29 119 94 -21 -40 16 -21 212 42 92 -38 56 48 94 26 61 -34 125 50 124 -101 58 78 -68 37 37 74 -49 34 9 113 21 101 30 122 15 36 76 31 87 54 -136 24 111 88 -67 -114 -1 -58 105 151 106 -66 148 102 -26 -68 39 -19 -11 -35 15 -35 -94 -57 126 17
41 79 54 93 160 61 177 38 3 170 121 63 -21 -31 21 -69 99 83 -53 170 -47 -43 -52 38 38 -9 29 118 -64 49 30 28 74 -59 -6 6 33 22 -3 35 4 126 -21 -122 -3 -103 18 170 209 89 -87 78 -39 121 -29 48 8 47 87 38 -79 -50 -11 34 56 84 -18 -94 4 -140 122 47 -56 -34 -20 -2 -72 -68 -37 178 8 48 112 -95 191 92 68 -97 36 231 -27 -90 34 37 9 67 -119 169 140 53
-41 -107 15 -117 70 128 12 107 -74 -44 38 70 63 -25 -19 -4 94 57 81 8 -80 -28 47 -46 84 41 -164 -22 -24 -20 -174 97 -84 -124 -77 -48 187 5 65 21 -19 103 -79 -50 45 -57 24 19 23 202 -22 9 69 138 126 13 71 16 101 -101 -14 39 -85 -74 -9 23 24 -44 -21 -6 157 -22 170 103 138 111 -51 0 41 166 -99 -8 -179 26 46 72 60 84 -43 -77 90 153 -64 113 -64 -4 -116 54 -48 33
-112 41 176 -5 -63 -102 57 -28 87 -180 7 45 -12 93 127 71 -25 -22 29 36 -53 129 33 45 125 -66 -10 116 34 123 75 24 2 105 -111 -36 -48 104 -64 46 -136 111 1 87 22 131 19 -137 -20 -14 100 27 -48 32 154 57 92 96 -73 26 -24 -39 -11 -18 50 179 93 37 -18 144 -4 30 -30 54 19 60 -18 -35 55 157 16 73 -2 -69 75 42 -4 -22 92 -77 -15 59 -6 127 -85 73 -4 -86 -31 -106
123 134 58 46 -50 175 -102 95 -88 -97 -102 -38 106 93 -80 -93 -171 151 -134 -166 43 -65 -103 36 -95 67 6 -47 123 -2 5 -11 242 -59 35 39 -228 32 61 -33 -7 12 -155 97 70 188 9 10 19 7 -54 28 -15 44 8 -35 -41 2 -14 -61 -28 186 -19 54 -109 -65 7 278 -17 17 -46 -1 -74 23 -37 103 -65 -51 65 -31 -43 34 115 162 -83 -30 -146 -41 179 158 110 149 86 178 -54 -25 83 42 164 -6
4 -2 -106 1 49 102 -56 4 130 103 20 70 -126 21 157 141 23 121 48 62 55 122 15 -7 -120 40 -160 62 -14 124 15 10 59 131 149 82 100 -3 -62 -144 15 -110 26 -103 57 79 86 -94 -1 27 11 56 -14 24 23 19 6 -50 20 -44 186 88 -167 91 45 -48 63 91 -157 -11 -10 142 102 51 -70 -80 -15 122 99 -29 286 182 37 71 -132 58 97 69 114 109 65 11 95 34 -61 -97 7 34 51 89
-19 56 177 -32 -57 171 50 16 -66 -9 -59 -2 60 -148 -79 29 -9 -111 -59 10 195 41 -1 -40 133 58 40 2 170 -59 33 -14 79 -50 150 -49 -108 118 -23 140 73 12 54 73 -34 25 -125 91 -3 -46 31 48 34 -76 148 -153 91 -6 11 89 7 79 107 13 -25 16 -24 138 -30 35 -50 -111 61 118 33 31 44 71 35 -58 -170 -7 172 106 49 -5 12 61 36 26 -112 63 93 90 -43 94 -61 -82 -30 143
107 -69 -144 -44 135 -95 9 -184 -39 126 93 1 -118 -58 -127 -14 44 -20 -93 272 -122 -2 -40 -132 8 132 -154 90 -100 -78 -83 16 11 18 -80 19 57 -24 -34 40 6 -92 31 -39 -87 -32 205 45 -102 79 117 20 -208 -61 -101 68 9 -129 19 20 88 5 -73 -65 86 53 -155 -79 63 -92 2 -101 57 -53 -19 79 -4 53 114 27 31 -59 40 -104 96 -33 57 -52 -38 108 123 -50 -70 -92 31 -37 -19 -16 21 3
55 -100 60 -31 27 25 93 -90 5 65 108 -86 108 -14 -41 65 216 -22 67 70 17 -39 -32 -37 -42 87 41 127 74 50 80 70 8 75 10 -73 -3 -36 126 55 113 3 -5 27 9 59 124 35 2 -52 -4 -13 85 88 97 118 116 -128 -49 123 -15 44 138 -11 121 186 122 -53 104 136 70 18 80 -85 66 42 7 59 17 31 -171 4 4 245 163 -24 104 62 -103 -79 -41 -91 27 -68 36 117 80 -57 50 40
79 -168 -101 146 31 174 68 -72 -78 93 95 -96 -64 -37 32 -43 4 -148 -47 107 131 -24 59 -73 -50 129 -21 27 67 0 -35 -71 80 -46 -39 -4 44 121 55 -138 125 -58 104 53 -34 14 -60 136 -23 -56 22 -48 73 -38 43 48 -101 52 -82 77 129 99 4 -67 142 -72 -53 94 108 138 -186 9 -3 94 -10 -3 20 40 15 -92 71 -89 -22 146 17 -303 63 -55 39 49 -49 -16 -12 -103 -23 -68 191 0 111 65
63 194 -107 -41 -8 32 19 12 -81 53 27 94 14 19 -141 -48 -36 -76 43 125 -63 -23 -8 -30 79 117 20 24 128 -63 134 -21 3 -58 18 112 -41 -50 -34 16 -40 -36 63 40 14 -12 19 138 30 -57 -54 163 -34 9 142 -23 23 19 18 81 -54 44 16 198 -4 72 40 51 168 -30 139 149 -50 33 32 25 -167 114 255 69 151 -91 -2 15 -60 171 31 80 -8 41 59 19 5 45 -58 0 40 128 84 66
121 -34 39 1 14 205 146 -7 35 113 125 117 118 -22 -78 89 35 164 -117 140 33 22 -104 -29 50 53 -32 -58 67 27 22 8 138 -69 74 137 52 147 139 89 111 176 173 116 155 80 -96 -36 -15 229 5 -60 -6 53 87 -87 148 -109 161 92 -38 256 138 73 181 141 -62 78 -8 131 135 -39 73 -78 147 -20 102 -103 34 192 21 102 -4 89 33 52 115 63 177 69 92 -5 40 187 4 111 57 -28 193 177
4 119 -41 73 309 75 110 110 81 19 132 -23 11 -68 53 -62 -11 20 -41 62 -146 -72 200 -38 143 130 26 235 50 43 1 8 34 200 94 47 120 97 -30 -80 95 64 22 -82 105 92 138 160 244 40 16 -55 140 -12 37 209 -26 -103 121 75 101 31 74 44 159 65 -29 84 177 70 -44 100 -45 136 19 218 114 21 25 -37 80 10 192 -135 -13 156 122 27 -13 30 128 152 78 -71 63 69 -170 162 90 105
63 -57 -67 -25 30 -88 26 -124 -65 23 35 111 -21 18 162 -85 -12 22 -189 42 58 23 18 -9 -158 -100 79 -52 76 82 62 35 -8 -51 -176 52 -20 -76 49 38 -66 39 88 -77 2 -51 16 -110 119 43 15 -50 37 -146 1 22 38 55 27 -155 -8 83 31 12 145 -8 -82 157 -165 70 -78 37 -16 46 -52 189 66 -105 226 120 -158 152 127 -26 20 126 58 96 -72 -29 -48 34 138 78 -68 -69 -116 72 69 10
-28 -61 90 30 -69 123 5 13 -148 45 4 117 -58 -150 -1 -145 -98 -223 47 79 13 57 -24 -69 99 -13 -35 22 -18 -75 -51 -103 36 -113 -144 -20 64 159 9 28 30 148 -43 43 57 57 -10 -11 84 4 1 -6 59 -61 55 -35 -163 130 20 105 -120 57 -113 -1 -118 8 34 -128 -88 75 -87 -18 -142 27 61 19 27 -44 -93 139 161 62 -24 -86 34 82 -3 -1 118 135 13 46 -6 140 -67 68 -22 150 123 103
36 5 80 -112 205 -75 129 25 147 58 100 -112 223 9 -11 132 -98 -79 9 106 -6 156 128 76 -25 115 60 -50 30 23 -86 141 -45 85 52 66 92 15 54 185 -44 -49 -44 122 276 -97 160 190 -35 -15 78 97 110 41 -15 -107 135 -102 4 207 57 6 211 121 134 99 76 20 118 44 4 137 165 -18 157 37 -89 175 5 114 -149 -20 151 38 90 221 18 -8 44 -173 1 143 -31 64 68 165 97 -10 -40 153
27 -120 -73 75 43 92 92 -32 -43 -45 35 -3 21 105 -9 100 125 -52 -152 37 88 -128 45 -8 -43 -35 -52 8 -62 -21 -112 -69 -2 -52 98 105 124 32 197 -121 86 -43 23 -57 205 225 23 46 71 -179 13 -84 24 -32 80 65 86 48 36 -144 4 114 13 -15 58 -7 151 32 75 3 -92 -11 52 155 161 2 72 -48 107 -100 -81 39 -80 -124 -65 -21 58 -71 52 57 95 76 -50 -24 -74 92 37 38 55 63
154 69 -14 164 43 59 54 15 41 75 193 -25 59 5 -52 106 14 7 16 134 -58 82 -31 13 -49 -47 -26 148 -49 5 71 -91 -77 10 -70 -54 29 114 -10 54 -34 28 14 14 -9 -9 131 66 232 -153 130 -22 -12 162 64 -32 153 -26 1 161 119 116 112 -32 209 43 100 -102 160 -40 86 79 32 211 -246 55 69 33 5 172 -6 -31 174 165 -75 93 64 -5 -33 82 54 48 64 188 -64 87 -5 59 114 8
76 93 29 125 -80 43 64 3 13 96 137 31 12 105 -13 67 -4 -51 102 -23 -85 -60 -22 -58 131 81 68 -26 84 -68 37 25 101 -35 37 28 50 178 -39 -67 144 71 -83 131 52 -23 38 179 25 10 41 32 -141 109 -86 32 26 165 -89 142 44 63 22 84 14 -35 -3 -24 136 20 69 157 12 219 26 -68 -80 48 -122 148 157 -20 -72 99 -86 1 19 -64 -157 67 49 -56 -64 38 -139 64 98 -32 73 69
31 -94 45 -61 -2 -3 54 -98 -99 46 95 -29 27 6 -109 89 53 -35 33 57 -20 133 40 -19 -37 102 62 42 -1 99 77 -7 101 97 6 98 72 129 -6 139 28 35 89 -143 190 -65 154 49 -16 15 152 44 114 37 -129 -68 -7 -4 -106 223 151 20 7 14 123 -139 25 13 32 142 6 95 15 59 101 39 42 -50 57 67 65 148 45 11 134 -26 53 29 83 123 50 100 24 44 -1 8 125 102 71 -37
146 103 27 165 9 35 264 155 144 120 -27 -30 165 32 -45 37 100 61 -156 -128 -62 -166 56 -20 88 -85 48 0 73 9 -71 -126 223 -62 114 83 6 28 289 -93 136 -74 -91 3 -9 -29 -77 4 -6 30 -120 38 4 141 105 91 133 23 17 -42 15 209 82 91 171 12 130 117 197 98 37 106 15 209 98 31 -76 -118 89 12 114 -71 -80 63 5 -21 55 -41 94 144 48 49 -15 82 -68 8 79 98 126 225
144 65 8 -38 -14 59 -10 -56 53 -48 24 53 -49 219 -36 77 94 53 -143 23 -98 30 90 152 0 14 92 -53 38 51 49 55 112 30 103 146 26 89 -1 -22 107 43 101 100 94 -30 35 105 199 56 36 -17 -23 97 36 94 36 44 -32 59 79 88 43 164 73 -46 7 73 70 101 99 77 -41 -46 -30 88 -75 -37 124 47 -47 -77 -31 72 -34 -31 -18 -3 95 55 115 51 -56 24 -15 115 -11 109 -22 -100
-60 -16 -29 5 43 -306 -31 -12 71 3 36 131 50 -33 -96 47 94 -95 -15 71 -46 147 130 -42 22 -95 -93 -5 -31 113 -21 -65 -19 38 -48 -51 260 157 145 -32 50 -77 51 16 56 38 -50 -12 41 47 -3 -56 15 33 10 44 -79 -140 138 39 148 -6 35 129 132 27 1 20 73 99 175 45 -41 123 -27 89 -168 -162 66 -88 11 -48 6 -112 22 11 -9 197 6 32 -60 189 28 -15 -79 100 -1 -73 22 111
-10 -24 98 33 102 46 -16 174 39 -46 -10 8 64 100 -31 37 31 122 -28 -26 82 13 70 -45 -16 147 -35 -77 32 224 193 74 204 60 -30 61 87 193 13 -65 11 61 79 114 84 -47 38 70 91 98 51 48 123 9 -1 78 52 -38 -74 35 80 73 -97 35 -39 -10 10 64 56 -10 103 -41 107 142 94 24 -25 -22 41 179 0 85 67 108 87 -25 55 149 178 45 13 36 119 -71 93 153 31 -23 85 153
-67 -36 52 35 22 -107 -23 13 50 49 71 47 86 137 70 96 12 -59 -72 -49 -84 41 -7 28 -58 -161 -5 -96 4 -40 -126 -91 -17 -93 1 53 71 207 -35 52 -107 24 -112 53 -5 -28 -35 66 -76 -12 106 101 54 123 -108 -50 33 169 14 -102 -114 -30 -34 39 -12 -78 -16 -77 -119 17 -149 171 -18 -4 114 -80 -1 105 -81 -41 43 4 -107 -81 14 -40 -75 -183 -58 -15 11 43 -123 -48 -87 4 63 71 23 8
8 -54 135 67 107 169 55 59 53 -34 11 -1 -25 -35 37 42 57 41 107 21 38 -10 153 -1 5 156 107 25 -4 124 91 90 -15 -20 41 -78 18 -104 -43 -11 -91 -5 -92 -66 -76 -24 -19 114 71 15 12 14 56 -118 74 11 -79 -12 83 80 111 73 3 -96 -105 29 6 -22 90 17 183 100 -44 -93 110 -16 -36 47 64 7 -86 14 10 23 1 12 6 28 45 -71 -17 -33 72 -58 -4 37 -96 40 36 31
-13 22 44 201 21 -42 166 124 -117 6 121 43 17 -182 129 -7 35 148 70 -60 -81 -3 -52 57 -81 -69 57 73 121 30 -53 -1 43 -227 -5 47 61 35 121 -38 -34 104 -33 -142 11 111 -138 17 114 180 47 -40 68 75 132 82 46 -45 102 18 134 277 35 -55 130 -5 137 -36 46 88 88 -42 -118 15 -107 -7 51 -119 40 69 29 67 61 195 -91 -143 198 128 -37 172 80 137 28 40 103 69 -9 24 280 64
188 55 86 -139 171 57 84 83 133 153 28 -96 106 153 0 -81 21 -6 -59 41 -11 109 74 67 140 -6 146 -47 84 -1 44 4 82 115 183 135 -138 105 117 97 51 72 165 71 147 9 66 111 226 -56 -14 51 82 126 9 -48 28 21 -5 -22 -73 -133 160 176 13 88 -23 61 -11 94 81 41 105 211 132 46 46 -43 143 150 75 7 166 14 94 161 106 27 148 68 -53 105 10 -84 -46 22 55 137 85 107
-77 -63 -16 161 -78 -23 262 71 -7 -45 124 -70 127 -176 13 -30 -13 -164 123 -152 46 -66 -64 13 -2 -25 -110 49 -96 91 8 -137 -46 -70 23 41 29 -11 116 -90 -47 -97 -88 -49 36 -18 -82 -93 148 36 0 48 21 15 145 -56 66 -86 62 -40 4 105 55 87 17 5 97 7 31 -38 29 -155 -174 -81 68 -41 42 -131 62 11 -98 -87 12 -64 -27 97 114 -7 28 76 5 69 -46 38 41 62 -43 63 -11 68
149 77 -50 -17 227 60 -64 -103 124 -68 18 103 49 65 188 15 9 275 -71 72 -10 49 -109 -28 -27 226 -250 236 6 23 -43 92 -112 115 -32 171 42 59 50 102 46 95 108 -28 55 198 110 13 7 58 126 12 -31 -142 211 172 96 -82 75 -106 -35 96 -69 7 190 99 -58 49 16 -24 -6 56 182 39 3 159 62 44 55 97 89 100 252 57 -173 135 26 74 -7 -27 211 77 60 29 -83 85 -28 -26 116 -11
25 -212 -158 68 42 -110 107 -46 -58 -64 30 69 -68 -4 -39 65 29 -127 -41 209 -45 105 -97 18 51 -196 -10 -94 46 52 49 -12 -7 -51 -16 -43 137 69 -112 52 -47 -45 141 19 40 -6 -67 -123 -32 86 -62 -26 161 98 -83 -33 195 -42 -4 141 149 -20 83 64 63 -36 -51 -43 -156 35 50 -44 210 221 83 94 85 61 143 -25 -67 -45 -8 6 96 38 70 69 -69 -77 -27 47 102 0 117 -7 160 -23 -40 40
26 -84 61 -40 53 43 99 -22 170 157 -75 -55 147 -110 37 207 121 148 -66 -51 87 1 54 3 -1 46 -49 32 50 -9 -38 -95 55 54 124 -7 5 113 91 29 -60 -35 -44 -46 60 75 -26 41 44 105 -70 210 -46 -99 -62 -157 24 87 37 -11 -37 21 -53 76 -14 -49 6 20 -53 -54 20 56 73 -44 137 -52 60 -99 54 -38 103 176 33 -22 137 126 21 -7 22 -56 -52 6 91 -87 134 -29 -140 69 181 105
143 112 -77 136 63 0 -56 -128 8 0 73 136 97 -34 22 133 -181 -129 121 114 -39 -48 37 75 7 8 73 4 176 55 -108 43 -147 -65 19 -41 110 -11 -72 164 -7 50 -32 44 70 40 -165 -28 68 -270 -103 -163 -157 -97 135 17 6 -108 183 88 69 -60 -65 30 133 44 -32 -51 93 7 104 210 -30 36 -56 -57 -91 9 28 -90 67 19 93 -104 -81 29 -13 -31 -34 61 -119 -56 56 27 -85 133 129 -57 -77 40
122 0 -55 42 37 -25 69 -21 111 133 45 74 -11 99 68 178 -33 -79 13 69 20 34 -14 -22 -98 98 101 12 -19 20 32 -101 -32 13 39 -51 -93 98 126 10 107 -32 173 144 -33 -93 107 -135 -92 -66 163 8 -88 117 26 -145 104 -91 -11 -111 -29 115 174 42 108 171 -124 -101 -35 108 -15 125 -7 130 -74 61 -24 63 -34 58 -79 -125 50 111 -52 64 -48 -55 166 190 80 -144 11 154 -74 -73 -104 56 10 -25
57 -68 22 66 -60 25 142 133 136 27 -105 11 7 -10 39 26 6 -83 14 -89 3 116 -39 -27 116 35 74 -88 106 -30 65 -32 131 126 15 45 -36 28 89 -210 109 -4 139 271 40 82 155 -104 238 76 -61 39 156 125 -3 18 75 48 -272 -24 40 95 66 191 -2 127 53 192 -18 120 -68 29 60 227 -14 115 240 18 36 138 15 -74 -22 267 7 67 -23 127 126 -114 25 31 83 92 62 -9 15 65 56 32
11 66 24 -15 -62 -61 -167 -78 164 114 7 162 14 -12 36 8 -44 77 51 172 -160 -4 -18 -24 55 54 -15 -11 -10 -21 -12 -10 156 29 -73 29 -53 104 -35 162 -67 -53 32 193 -89 128 74 6 -104 66 -58 142 -18 12 -32 48 247 5 -83 86 -92 51 72 -33 50 47 -11 -77 -50 -177 146 116 -52 -47 19 -4 -28 205 -29 126 203 31 73 134 6 72 31 44 169 1 186 50 -31 96 33 120 -25 77 49 20
92 7 -126 -20 166 -8 137 47 53 107 43 43 46 16 -19 3 147 -98 -123 68 -135 -49 125 55 162 115 88 22 -26 26 85 20 39 -4 -13 107 12 76 94 82 162 48 -42 273 -6 -15 197 99 -49 59 50 201 -29 -1 85 183 12 40 -84 91 75 53 60 203 54 134 16 -9 159 141 133 172 21 -34 147 174 -15 128 39 120 63 -55 -5 57 95 133 55 -76 69 50 -73 -80 6 -5 17 85 -61 178 123 61
-93 159 65 -13 221 58 -182 -28 31 -89 -85 105 -60 32 65 -41 65 59 -163 173 -3 71 203 -92 81 138 -76 18 -158 106 -135 44 110 83 34 45 -62 34 30 32 77 7 56 83 0 45 155 65 -21 47 1 -26 -14 -46 35 64 -183 -17 -141 37 47 -75 52 -59 33 56 -9 112 -48 50 71 37 273 115 66 89 23 22 -114 11 -76 72 200 -66 161 -6 -14 -2 43 8 -26 2 35 -17 67 -107 108 115 50 76
71 -118 19 60 105 -36 35 38 52 -48 -30 -19 -6 -8 110 -49 19 -19 7 76 121 57 -73 33 -34 34 -179 63 43 49 140 -37 -163 -140 68 82 0 121 1 47 18 189 61 12 -23 42 152 -19 158 55 53 25 -21 -57 89 150 81 -33 -55 -120 -42 57 -43 86 51 34 -96 -49 -104 -45 87 -23 96 204 -35 9 -97 146 -15 70 53 -89 130 107 -161 141 -8 22 35 -6 31 95 19 -45 -8 -7 -55 75 28 -8
-19 23 112 -51 -160 98 35 10 114 -107 2 16 -4 -1 -57 -9 32 -72 133 -91 42 -106 66 3 25 50 -50 55 5 63 -65 65 -21 -88 19 44 3 91 -20 -38 87 -25 -53 -30 62 -14 2 31 76 48 174 -87 -97 -149 105 16 -159 -5 -136 30 -86 19 -78 -64 33 -41 -124 7 76 -3 29 -119 95 111 -32 33 8 -43 2 -15 5 30 -27 -81 7 90 34 -45 -157 -18 44 64 8 48 7 30 -29 -60 22 18
-62 -31 15 122 88 47 23 39 -74 67 90 -62 -15 -60 115 47 40 72 -31 58 80 33 -56 -23 19 58 -44 -33 26 -66 -51 -4 73 158 -36 -29 34 55 -8 39 45 -36 6 -20 29 114 -70 -48 -41 -88 150 11 56 86 31 -34 159 3 -86 -77 -2 91 1 -140 117 -19 42 32 36 -6 -104 -119 111 -78 46 27 161 58 161 22 -3 200 0 104 75 30 188 -37 60 123 41 16 -27 42 55 41 -35 48 87 48
-58 -4 -41 -77 207 -81 -80 -42 -74 22 -49 97 -35 38 115 38 100 -25 -56 81 63 46 187 55 -104 50 25 -58 3 53 45 103 -28 53 -127 -51 110 111 -149 -16 -84 90 94 31 56 21 36 24 28 22 89 -177 0 222 -11 25 78 -3 155 -87 111 5 67 21 27 -8 -123 12 -95 117 -15 82 107 -18 6 15 -65 -5 190 4 -93 119 -2 8 149 38 -34 197 125 10 126 -101 -19 209 -16 89 74 66 8 -49
-40 -71 45 46 -88 77 107 -145 83 57 152 199 -61 -14 97 -52 -38 -79 48 55 -203 99 45 -144 33 -46 -172 79 -177 106 -14 -131 -21 31 -43 -44 105 150 86 -16 -24 -48 39 22 29 50 56 -85 80 69 14 9 -15 128 82 37 -13 115 -4 113 59 35 -15 -72 255 -19 -159 -115 44 -22 -84 89 6 -54 -33 14 -6 -42 108 74 -26 70 -59 -63 -21 78 70 108 -50 43 -18 -15 1 141 20 133 -184 26 57 14
53 182 17 -221 95 -104 -80 -40 -8 -29 -71 -80 32 44 -86 21 79 169 4 -89 -133 17 154 68 147 12 -28 -95 64 -59 -59 25 -77 -50 46 102 -64 -48 0 205 -5 79 66 32 220 88 160 -44 -114 -107 61 84 11 66 45 27 57 -54 -45 -57 -97 31 74 63 -16 123 93 67 -13 107 176 134 142 73 211 132 -5 26 -20 -22 -72 103 68 -24 50 -3 5 117 38 -89 73 155 27 -84 127 -17 80 -93 27 -74
14 -154 -42 -19 28 -62 -4 -112 35 -27 151 -1 150 145 74 72 5 87 125 -100 35 170 31 162 12 -5 -110 -6 116 -61 72 46 -123 52 -77 48 -87 5 141 -33 109 -7 64 132 -25 14 112 -101 -35 75 140 113 144 40 55 14 -177 83 14 65 -28 82 73 -67 18 -74 -58 -23 19 136 44 -42 21 -76 8 291 113 -3 -66 121 8 60 117 44 -76 209 -37 -90 -128 -44 -85 -36 79 71 -66 27 -59 -123 83 -85
63 165 26 -48 71 83 -36 47 -134 138 -15 32 -78 92 -79 110 33 -26 44 127 -93 -3 97 -89 165 10 110 7 275 -71 -12 48 30 81 92 145 48 31 -91 -11 -120 5 38 82 115 54 62 79 200 -132 -64 73 -135 252 36 47 92 125 -85 67 98 -128 9 53 96 -10 -72 66 125 232 19 143 120 180 129 -45 -17 -29 68 202 51 21 44 77 38 -107 -35 42 26 43 0 29 -36 89 -107 41 4 167 53 69
-167 22 20 44 48 59 230 -32 73 -75 116 12 93 -42 131 126 -6 -74 123 -15 127 10 -18 -44 8 -15 -37 48 53 24 -3 14 58 65 115 -10 43 74 -70 60 -40 80 34 -152 132 83 -74 33 11 74 117 101 21 -32 111 -83 6 17 155 120 109 75 156 116 158 -43 53 116 107 116 -87 1 47 -11 105 -11 118 1 43 53 -84 5 9 -165 42 -26 -40 -57 21 16 69 38 123 199 -104 66 143 -37 160 1
135 39 145 -24 62 -37 18 53 13 -111 50 -6 228 -72 23 32 -62 -17 33 -123 -36 107 -62 -14 71 -45 13 141 60 -33 4 29 -128 112 123 2 115 -45 105 32 106 29 -76 66 122 76 118 -79 73 109 -3 -45 -17 98 -28 122 18 -55 -15 63 14 53 35 9 112 74 93 -1 54 142 6 -110 184 30 -42 106 237 -97 -36 85 54 -4 20 40 -40 166 150 -28 -221 -218 -127 57 -120 78 1 110 -34 -65 20 180
-36 26 111 16 -93 -61 5 -38 -27 28 -53 122 -29 -28 24 -110 7 75 35 -57 -5 -68 34 -72 -36 131 -60 70 -20 41 -18 17 104 -34 -32 127 -59 117 69 -114 68 -67 6 40 28 187 142 -79 88 -83 -31 135 -38 -39 -8 120 76 127 -68 10 111 30 -63 -16 107 -4 -99 162 93 79 -7 36 -22 57 100 86 18 11 8 60 77 -22 75 76 61 42 79 146 39 27 53 74 24 -63 6 204 40 14 193 165
33 72 33 77 62 -13 128 -13 -3 33 -44 -124 22 46 12 53 -7 106 -65 -107 142 24 -50 -86 61 59 -77 -2 275 -65 50 -2 45 48 140 114 -127 40 9 21 76 41 -101 -215 28 223 -94 98 39 -54 85 85 10 -11 54 -50 -43 145 76 11 68 128 3 62 -113 -293 55 66 46 -23 -192 -71 44 76 -49 68 151 -2 69 -51 142 -22 34 -25 -127 54 68 -73 11 16 68 177 -68 -82 27 19 29 -19 213 98
94 49 124 33 -36 85 184 -28 127 -137 22 -105 19 59 179 53 97 -28 82 11 -176 25 -121 29 27 -35 -210 201 -80 -55 35 -51 -90 15 162 57 135 100 -143 -93 29 32 -78 -43 54 -19 120 125 101 116 73 25 140 130 117 103 155 -78 -18 68 81 65 112 5 79 32 33 -78 134 -8 -122 -122 169 134 121 -54 126 102 -46 -114 -38 -64 -38 118 57 47 29 33 -129 -34 117 72 -73 11 -147 101 -7 4 -247 1
-49 25 47 -4 70 146 -5 88 -194 -18 7 -165 -92 -122 128 -40 -161 -56 102 61 -2 96 23 51 57 80 64 -18 96 33 -1 -8 -137 124 -126 85 89 -7 -140 -72 -58 -65 38 -3 26 61 -118 -34 150 -1 -27 -90 139 -105 32 75 -64 -21 62 60 -32 163 -46 -85 -48 -106 4 -4 125 144 -15 -32 -78 -54 -89 -40 -2 9 -52 -84 98 56 107 11 -86 28 -37 69 81 13 66 -38 -85 69 -31 -16 -54 57 -118 -45
106 -128 6 54 142 123 174 -58 -129 29 38 -151 -17 -80 10 -131 -37 99 1 171 7 54 62 -4 41 29 204 -62 -43 -6 134 101 48 135 89 17 -16 -2 50 28 178 -18 172 13 76 -5 85 25 155 31 59 -41 73 126 -2 18 188 44 92 125 50 89 182 77 137 123 -34 199 36 61 53 151 33 94 154 125 141 69 77 126 -130 134 -85 278 18 178 302 231 84 -113 42 104 137 25 123 0 -37 93 24 49
87 -63 8 55 102 -88 -46 -63 -29 10 160 31 28 -24 -8 -99 -10 -119 63 175 -41 123 7 -75 90 -136 11 60 35 54 13 -180 61 84 -85 59 63 -19 81 200 91 -39 51 150 83 161 128 -47 -136 -141 45 -14 -4 48 37 88 80 -26 -41 177 26 13 19 93 162 99 34 11 33 97 -36 192 162 83 48 13 86 83 75 57 3 -3 51 61 61 -81 142 108 -38 -120 55 38 23 -72 18 38 56 -35 -62 54
-58 -33 -144 41 -79 67 5 155 4 144 -13 118 -114 49 -66 -25 -41 14 -80 -9 -108 9 -159 -86 -15 77 10 -130 -79 5 -98 34 109 -64 124 63 4 197 -185 -58 -57 -17 128 75 16 -49 -105 146 -21 -19 53 60 44 144 -14 -8 -31 170 38 107 161 63 139 39 -45 -11 -52 101 5 29 29 4 8 124 33 -8 -65 157 -64 -41 141 -20 -82 190 16 -199 -77 29 153 92 78 52 146 -54 -80 54 51 118 50 -60
194 -7 168 106 124 76 104 58 -23 97 -30 14 -69 54 87 47 -32 -1 -67 85 -50 -71 58 -137 128 174 63 38 -41 0 -12 -45 63 41 -47 -66 40 169 -10 -7 -75 125 24 -42 -113 -68 27 22 208 105 44 -84 15 -11 67 120 138 103 -51 63 65 -94 74 -19 94 83 -149 85 -25 108 26 -66 28 233 100 -42 73 -144 -96 50 -108 -26 2 -15 24 -147 75 84 101 77 88 29 81 -12 -95 173 -175 181 28 149
70 93 3 -183 69 56 59 -7 50 -2 -57 -46 95 221 -46 57 -8 -135 91 -60 -31 100 -65 90 136 71 64 -25 90 -141 82 -149 -67 177 149 182 -141 0 -120 75 -33 0 -25 54 196 46 135 -61 -50 -100 206 221 48 161 -20 -183 -41 126 -7 10 -29 -43 110 179 -170 -14 -76 -25 0 87 -119 78 116 -52 169 6 140 130 2 63 52 -89 110 -46 59 246 -85 120 133 -79 -29 73 -33 74 23 -45 -23 98 -142 29
17 -28 -98 -32 112 73 -54 -2 80 178 -99 -19 -77 68 -22 27 57 97 79 -40 63 41 -66 45 -154 193 -107 32 -52 -55 -86 90 57 -64 1 29 -17 103 -47 -45 -156 -117 74 -77 89 134 132 27 22 -16 -12 50 92 100 -88 -19 82 13 44 7 8 -5 -107 -13 -15 86 -112 160 -118 3 49 -26 128 16 40 -7 -27 -39 75 141 101 129 59 17 17 -39 -48 -36 175 136 60 76 141 43 -179 69 154 -14 237 -44
