-28 14 -8 46 93 34 -47 13 213 31 158 20 73 -85 99 111 -105 101 159 -60 -21 224 -36 9 61 144 44 -3 8 107 117 27 138 23 114 -80 101 163 -50 42 -148 -140 236 337 -114 284 5 121 2 120 174 -79 196 -99 -1 89 -47 201 189 -9 63 -119 -20 114 176 52 62 -59 141 -39 101 263 65 79 78 -14 22 120 0 135 140 -223 128 11 -64 40 131 53 202 123 127 184 -49 -179 113 28 -68 57 -126 78 3 36 52 -49 111 209 10 12 186 57 -34 -172 -67 76 -44 48 81 -154 129 20 108 111 58 -58 220 345 160 -44
-1 98 39 -94 40 -18 -102 21 165 -25 76 89 -22 49 87 123 -111 7 46 48 21 34 -35 102 158 59 18 -10 83 170 16 150 -32 134 24 166 -28 42 -114 -24 120 81 85 177 27 165 106 140 132 116 97 -51 120 -50 -57 -8 -20 -25 -83 -22 79 7 82 66 92 128 -129 110 149 73 282 62 -31 -66 104 135 16 55 21 -151 -210 141 -30 79 -15 159 -171 -68 80 97 -26 282 -45 223 155 92 171 -79 -19 63 216 111 117 195 214 202 -66 99 242 123 57 -41 47 -127 7 -17 -28 -99 -16 71 193 -42 -15 7 -14 -37 18 -54
269 224 100 2 76 10 1 56 184 77 170 165 -26 -217 -159 -16 61 93 97 29 180 264 -30 103 16 300 -152 166 53 86 151 65 40 118 -100 45 92 132 62 -24 -196 73 41 215 78 50 -34 261 49 -15 85 209 -47 2 240 29 105 41 249 -1 60 -168 48 -15 275 155 -20 69 -107 73 -51 -27 -103 195 130 32 104 266 259 204 212 -107 115 164 84 167 36 96 173 99 -1 82 153 136 22 105 100 8 94 76 -71 10 58 153 54 65 150 94 146 -78 -67 77 188 194 318 19 263 -178 212 113 233 167 -50 45 -1 146 46 117
160 77 29 88 34 70 113 81 -135 101 163 93 58 -56 -109 -186 9 29 135 -35 69 135 23 163 81 135 7 -93 110 -87 185 -48 62 108 1 -78 93 208 56 160 103 -77 63 -36 39 7 33 33 16 -127 -26 -12 -60 87 15 -48 -175 25 45 37 16 -69 18 123 107 -117 -64 -264 182 91 -37 -16 142 82 -204 -4 95 18 95 72 90 59 -27 60 -170 32 192 188 161 -62 121 -30 89 -80 -41 -84 97 113 78 -19 85 -12 227 -74 25 57 171 323 72 60 -13 -10 -9 -11 -63 116 162 66 96 145 75 205 202 159 -115 178 104 27
74 -8 40 -99 -2 92 7 -23 77 46 -25 66 48 134 80 56 62 169 -168 -55 98 179 -7 182 -67 -44 75 -19 185 83 -83 -43 -99 -23 -10 -15 -58 -30 88 184 49 103 -49 12 73 88 -121 123 88 92 -60 18 -24 -122 -2 -114 86 101 -49 156 149 43 127 -15 151 -21 -8 -48 16 132 8 -26 -108 72 -34 83 -45 33 -34 -50 -49 19 -29 56 6 -89 -43 15 -55 -14 -40 106 37 8 21 7 188 -13 -55 -82 -1 12 -51 184 103 81 -100 55 216 76 -2 -28 48 -147 -2 47 85 153 -8 17 86 8 121 99 80 -82 77 -45
58 306 224 36 35 127 51 21 35 1 179 40 17 80 -26 -167 206 57 125 198 -54 333 150 133 64 269 -10 177 -6 133 89 164 102 41 -13 22 55 101 68 162 -49 37 107 165 31 146 159 386 -23 164 1 -24 34 118 204 176 14 -62 170 -64 -110 3 43 51 176 134 102 53 71 -29 113 0 58 167 173 91 89 158 84 133 118 -47 137 -99 -45 146 122 13 55 207 48 83 -38 53 3 130 -15 14 27 205 -64 63 238 73 199 108 90 54 56 4 -24 169 89 6 -89 15 44 67 189 47 260 107 119 112 18 235 71 234
-58 51 20 -5 67 30 -12 -145 -18 1 91 56 191 185 103 14 99 20 78 28 2 -40 -39 -51 69 144 67 -81 -143 103 -78 -38 -26 -95 -48 -146 65 106 184 96 45 42 106 108 -112 26 59 78 -202 -4 44 -64 -82 53 6 -137 148 142 -63 -59 67 20 -2 91 210 -28 23 -1 47 -160 -66 -31 -53 51 58 1 220 -65 -192 59 42 30 -36 7 95 59 -70 84 77 -1 -40 -56 -44 134 -144 143 69 195 87 111 15 19 159 22 58 -30 59 95 120 32 23 -62 46 54 -6 123 144 -80 125 -19 28 44 125 37 -10 119 201 38
77 0 199 52 29 -83 -38 -48 70 -45 207 18 60 -48 65 42 24 284 -22 53 70 128 -58 -8 82 81 -22 80 192 150 36 82 194 75 167 -113 90 -5 94 -25 29 -57 148 103 80 89 66 249 -16 22 -56 123 -62 -142 175 76 -14 -21 241 40 -7 -9 86 87 -174 -54 139 -10 -57 40 49 80 71 178 227 147 16 76 140 -39 -48 85 266 127 90 197 215 133 36 101 200 155 -87 -14 -33 -89 151 -37 -8 137 15 -79 -13 57 13 108 40 -16 158 -27 -104 45 10 99 109 1 -45 -117 107 -159 110 37 94 -28 3 -20 -21 -30
125 -16 115 35 228 100 252 -77 124 -212 112 -22 -133 176 14 221 219 -15 148 80 96 56 65 -22 112 -36 -5 23 -43 -54 -137 24 24 -40 -8 83 37 -74 119 -111 -31 167 114 98 77 230 -16 96 -120 13 -76 67 24 80 -49 111 293 207 -134 41 67 134 167 80 60 12 23 172 -83 66 185 46 -148 98 -25 -93 12 100 37 -171 64 20 106 13 71 -74 -40 54 36 -7 133 174 -42 87 61 -49 37 206 -78 34 80 21 -151 -46 39 81 -70 -55 174 3 150 15 0 22 94 22 226 -19 58 -155 30 155 -92 71 16 -34 8 131
-59 168 -104 -6 42 73 14 -55 56 158 68 194 31 68 -310 54 133 179 -52 99 146 -26 37 -80 143 185 53 147 126 226 27 165 101 -7 -77 75 1 -77 151 97 143 118 -185 69 -103 -104 155 72 -36 80 110 -9 98 3 -5 -40 67 -48 54 70 11 -42 97 -74 231 99 92 149 87 87 30 76 78 117 150 108 58 123 68 -61 -67 90 71 118 72 99 29 -220 41 178 -114 50 126 151 -24 34 89 -165 -38 -116 72 16 225 69 168 2 37 83 92 -86 -60 227 76 -116 -53 98 30 93 -62 62 115 124 -89 -3 -50 130 64 151
67 24 141 -71 163 117 167 -51 232 42 33 275 -44 155 129 68 97 -47 -36 97 79 -81 -42 99 -40 26 16 47 103 169 -96 -35 -23 77 -110 173 16 57 278 66 -32 179 137 47 75 67 58 134 64 260 49 -56 -1 212 237 136 101 138 24 -42 118 12 18 26 254 29 95 90 217 184 244 -18 -39 326 75 100 113 2 -89 33 -186 185 27 138 95 9 23 137 8 99 52 100 -9 36 -35 41 52 218 -158 71 224 -32 -149 23 165 65 95 13 173 -79 51 246 108 -35 -53 2 -38 289 7 3 122 90 55 92 -39 -39 141 156
-11 16 57 -33 0 189 110 -34 139 -213 73 -16 185 134 -30 89 226 87 67 148 -16 -49 11 -66 17 65 182 -79 -227 38 -51 76 -9 71 -65 251 79 104 123 -45 68 8 86 6 -42 101 -212 236 -65 118 -67 132 -101 56 44 82 47 81 89 25 8 133 119 -6 58 23 173 13 65 51 96 -40 117 264 224 81 38 52 -84 214 142 309 20 -50 42 -41 26 201 11 236 -21 -85 -89 78 -104 110 45 175 33 173 50 35 -19 -59 155 -3 169 161 45 5 114 114 100 147 51 218 115 61 -33 48 72 8 -11 81 -85 171 70 84
-71 95 26 -110 -13 -91 -13 83 75 226 88 -14 179 87 -108 6 -167 82 -132 -153 106 162 -149 181 22 161 0 80 36 -10 -220 178 109 208 -179 20 -69 86 42 164 109 215 -4 -84 122 -32 -109 42 137 24 -73 88 116 -75 34 -120 57 47 180 76 81 -118 58 -35 188 71 -55 -62 -17 106 14 -23 34 184 104 132 -4 122 158 -43 -85 27 9 54 7 -57 6 -112 215 53 -92 -69 47 -117 -24 188 -25 -108 -17 -117 70 128 4 53 -73 74 68 -71 -13 153 38 250 -29 19 -29 80 -14 -45 174 169 159 6 66 198 17 217 12 111
27 -18 10 110 30 99 33 100 161 -28 136 -16 87 163 -122 40 -3 47 38 6 115 104 -37 -55 36 60 -5 76 156 13 -83 38 -31 -4 30 -76 40 179 34 -35 48 79 -46 177 -62 11 34 48 44 -34 68 55 -70 -90 -64 72 -7 198 -155 93 -73 -7 64 -105 32 88 -81 206 8 -69 81 -127 155 223 -29 80 -38 12 44 -6 4 72 32 -73 -27 -9 8 30 183 62 -57 -43 33 118 -29 71 -73 90 67 -13 -37 0 6 91 -36 29 96 -21 -81 55 96 48 72 -76 162 18 -68 73 256 -40 145 156 -31 100 -81 -74 34 94
82 13 -4 149 25 96 28 45 23 72 49 58 78 117 -47 24 103 103 52 -37 25 -56 -128 93 -75 -42 -3 162 -48 10 23 -42 53 69 -26 172 -64 9 -90 169 -13 36 -38 17 -26 89 35 166 109 168 52 -44 -46 43 53 145 -85 -69 218 8 52 47 -36 -27 69 -96 52 -170 80 -71 -126 -61 47 73 -87 -193 -71 82 -95 163 123 -156 -50 9 51 -11 35 51 26 33 -10 42 75 -76 -39 214 -81 5 -29 -16 10 -99 -157 15 82 -161 124 -55 -31 116 -30 105 -11 33 32 -69 76 171 -6 8 3 182 -99 -4 140 -90 8 58
63 -6 38 48 -62 -27 -49 -117 40 89 33 66 28 22 195 -9 -74 272 -27 -3 -21 -74 15 95 26 79 -23 139 135 119 18 110 183 6 123 -16 -8 74 -54 -33 -24 -68 -3 114 123 -90 -71 83 -196 175 85 42 -32 -39 160 112 -27 55 125 148 -15 -68 -78 103 70 -66 254 -9 36 71 20 335 -82 -54 -95 9 18 73 26 -41 10 -135 -20 46 138 -60 109 -72 84 132 176 122 -80 -57 5 -89 55 122 -248 139 21 -47 5 0 77 77 -33 11 -81 164 -108 171 -148 97 -221 -161 48 75 75 -131 42 45 52 101 -7 -2 139 -61
36 112 195 45 98 89 219 180 -117 -49 -123 35 197 168 35 158 -74 154 70 112 27 22 58 119 88 -70 185 65 91 12 -21 23 -3 14 125 -112 107 274 102 118 133 1 -27 -23 61 -37 187 219 77 -37 86 -3 -70 44 152 72 -99 209 -10 -1 81 -52 304 -70 66 124 35 -13 -60 -88 170 241 -76 55 -147 245 96 35 71 -174 131 -67 -181 -92 67 -12 48 22 144 -28 153 174 -14 66 -84 -130 150 -73 87 74 -39 176 69 109 121 198 58 -99 -2 -29 97 114 -29 43 -37 -104 -82 61 -40 31 51 33 32 20 55 -139 -49 181
107 -8 -97 142 -30 49 3 32 25 -137 56 121 -29 39 30 -17 -80 -54 66 30 114 69 29 92 101 61 56 126 -67 -48 -40 18 52 74 85 -8 0 136 -29 79 80 172 -81 -69 25 46 67 154 188 162 -19 45 -65 64 25 -129 1 86 134 0 76 -69 20 -61 -89 141 -67 -23 -39 88 1 98 -143 163 -4 -55 38 36 97 75 -22 136 -55 213 35 -117 29 61 25 -85 37 119 -129 61 34 131 -106 5 -142 62 90 -94 -151 60 69 57 -38 114 49 32 99 145 -53 118 -54 15 -112 67 44 54 159 164 -47 104 -30 65 48 -59
-5 153 -8 110 83 -101 -88 72 -9 28 114 65 58 -117 111 58 -7 -61 62 64 -101 -6 2 53 -52 -17 -56 62 -104 64 -24 60 -77 -46 43 24 -28 -66 -12 107 -35 82 -101 28 180 32 104 229 143 117 -21 -70 -175 119 84 23 6 -93 69 2 -103 134 39 -34 128 257 -79 -155 -9 59 -86 -61 14 76 105 -73 51 111 -205 85 22 75 -42 -67 44 85 109 11 -8 -50 144 -4 -46 -86 -18 -56 -42 -8 106 75 49 93 54 78 -116 -108 66 113 85 31 -15 183 -68 -4 -45 203 24 99 56 79 13 -23 -28 138 80 61 -71 256
112 -117 9 -59 255 -47 288 87 -29 82 122 18 154 47 115 174 -41 130 107 48 76 -31 44 -16 70 21 39 61 33 -4 52 -82 185 62 -30 142 -47 257 48 139 254 138 126 -12 -50 -1 -17 -10 119 0 19 -55 23 20 11 36 94 98 24 37 -65 -76 -2 22 98 194 -18 -137 -33 3 95 -36 138 132 182 -27 -7 -167 65 98 165 76 -278 140 105 85 -164 0 40 88 49 138 -72 16 12 -3 110 10 100 16 88 84 18 92 127 174 43 139 -33 -26 159 120 -30 151 -38 44 46 43 53 211 19 41 101 58 -68 165 11 69
56 -3 -33 -39 -47 44 1 44 15 -168 -107 18 5 143 155 -30 51 76 193 173 18 -55 -78 -23 -49 -93 230 14 132 147 122 153 145 -58 -28 196 158 4 78 17 -104 -30 4 149 137 -63 198 220 -124 -107 186 -33 -67 -214 62 -31 50 58 -71 96 -59 87 112 -23 120 -117 82 21 114 36 48 7 -32 114 -15 127 220 176 -114 79 48 -75 94 -65 96 62 138 -80 7 -28 40 93 -25 121 -29 -67 52 -75 -44 125 -45 -41 122 136 102 -54 -181 122 -20 76 -46 -126 47 100 57 75 -81 -93 -132 -10 0 85 68 128 -37 80 -25 13
163 -149 26 45 -13 -11 98 77 184 52 80 -158 -33 49 30 98 -96 111 122 -18 107 76 89 36 24 46 0 35 -16 -27 195 -84 130 129 23 -113 63 139 136 -14 -92 61 -34 -23 -30 160 -32 55 87 33 -28 19 -24 158 -15 81 -27 64 38 -38 6 -13 16 9 70 -2 153 31 -60 -37 168 45 -63 62 42 17 -134 132 71 188 138 21 66 185 107 19 -23 185 85 63 1 -84 -107 117 58 115 120 172 211 114 135 -30 94 12 106 195 119 88 93 -51 14 -34 35 139 -164 -78 22 -97 111 75 -130 99 96 14 71 230 185 -18
231 160 79 13 88 56 150 147 6 136 154 168 123 88 110 116 -115 186 -38 280 51 147 -64 127 85 106 -122 128 109 -32 76 26 -56 22 288 22 7 62 -12 115 134 -34 169 3 12 74 124 209 84 58 216 -34 98 47 249 179 -35 116 91 -126 173 -176 167 53 192 85 -28 95 77 -7 306 179 101 79 103 189 122 -86 -38 110 -193 169 -87 63 10 94 -6 187 75 177 138 157 -51 72 24 -55 103 92 -38 105 8 23 -102 192 146 317 147 110 97 19 108 -132 42 -24 28 -28 -118 -40 227 49 139 27 -82 -4 -110 54 61 -40
-21 80 157 54 305 3 91 66 -107 33 13 100 -17 -38 -187 -100 9 33 -12 5 188 11 -26 -86 -4 135 108 166 -29 18 -24 131 129 -17 76 -36 17 -17 68 -90 -176 48 54 11 40 102 15 25 -185 -23 26 7 -98 109 150 31 -19 -103 82 96 39 -67 6 -22 -17 253 -97 96 -150 94 -21 -17 -37 78 0 40 7 -75 102 67 188 33 125 237 122 135 56 -41 23 -141 13 -42 1 58 26 -73 37 12 5 -140 41 -162 -34 22 -69 102 134 35 14 -135 -93 100 133 133 82 21 -18 -70 35 39 41 66 -4 44 -136 -86 -26 -35
66 14 126 73 70 -62 69 -3 232 136 130 -43 1 -77 2 33 51 197 -119 127 186 134 -143 84 81 300 118 265 101 110 -73 140 101 186 29 115 -55 99 96 -24 -38 -105 216 157 -83 88 -55 97 -68 139 138 -18 14 -41 113 250 12 141 -32 10 77 -98 37 150 154 178 212 100 -122 167 137 88 -57 322 42 234 102 74 19 115 -94 -10 -26 14 19 71 -117 -44 87 56 33 -13 93 4 -68 209 119 95 -66 89 32 -13 117 -36 227 125 -30 47 18 -27 48 95 181 184 5 85 23 106 71 20 58 -1 80 133 -40 -68 -28 192
-21 -51 61 -44 -21 158 -4 -65 98 96 -75 65 98 60 35 -98 7 38 85 -117 -80 48 62 73 -107 -37 -133 13 -102 7 27 110 49 23 129 -8 -71 114 -87 54 108 -144 -3 99 212 32 -4 202 -15 -135 13 -74 -159 15 51 29 40 -5 -49 -30 23 -3 22 -25 64 59 121 -70 126 -130 43 -9 10 28 9 -116 60 61 71 -21 75 -86 9 -156 -30 -14 74 115 118 242 68 22 22 -57 -51 -68 73 29 -9 173 -132 -66 -291 -17 70 211 84 -43 60 91 -111 -83 -64 42 -63 -12 41 8 -8 -3 120 -40 39 131 146 -195 278 28
-93 5 114 52 107 9 10 141 -55 154 148 -135 123 103 51 38 77 195 -76 -9 -105 -9 -65 58 164 -28 118 -7 -57 136 -175 153 68 19 81 -35 -46 0 119 144 17 42 2 31 52 81 -99 15 -58 54 134 65 -37 -8 90 -105 -195 114 96 31 -102 39 72 28 -14 99 -52 -145 84 28 -75 18 1 84 41 110 -153 84 -59 35 -55 74 93 -29 -5 161 -14 82 23 -29 31 -50 103 133 -93 115 54 27 21 -76 -3 -15 175 63 131 -20 144 79 154 19 -44 68 61 63 251 106 139 7 82 88 12 32 -19 -10 225 135 121 128
-35 157 -94 -83 177 -4 62 -6 236 54 110 -52 67 -5 9 51 -65 60 -95 147 8 218 170 68 36 38 49 113 -103 120 9 -36 30 48 -19 12 22 123 99 -39 24 73 -60 -137 14 -106 72 20 202 69 210 -65 -36 1 36 -17 -7 189 135 -103 63 -117 -98 -114 172 -115 66 97 127 66 57 -46 172 -19 52 105 125 116 97 154 -44 111 36 175 -80 13 196 -9 78 191 -19 -102 -103 -51 -82 -8 -187 -61 -35 -78 46 53 71 -206 163 47 97 103 97 96 155 191 155 74 86 27 -60 28 -45 20 156 113 -29 -48 -72 212 18 141
178 132 56 -133 -63 -132 65 -44 62 -98 -34 -46 183 5 -17 54 -88 -61 106 -59 -39 17 -106 -170 86 -125 145 -46 -172 79 -110 16 85 -114 -1 101 -40 51 258 172 30 154 -61 -38 69 128 6 -33 -188 -68 -11 -239 -46 35 -150 -62 -27 107 -11 99 -15 54 15 80 35 -81 93 -132 -28 -55 -117 -82 27 -158 106 6 -57 -15 303 -7 80 8 129 95 213 -6 -78 109 73 197 -18 47 -185 118 25 118 -96 82 -71 -11 -112 -94 -9 36 50 -54 83 -117 85 130 123 85 -29 172 -134 180 169 -89 24 18 12 4 173 7 33 36 -85 26
109 2 143 -94 79 27 19 -76 3 82 -30 43 85 -79 -11 -29 50 130 66 116 26 32 -94 -40 -95 124 72 48 -53 8 -3 72 -6 -89 -106 1 -133 -50 121 10 -130 -37 112 171 18 76 -50 35 -27 -48 -35 -62 -36 -85 151 95 151 47 15 38 -78 -19 -87 58 215 60 -99 -37 -95 25 85 -48 -159 14 -77 -38 -43 1 97 126 110 29 17 110 123 183 32 67 -94 129 -56 13 -23 23 46 23 136 -21 37 -47 -138 50 -13 82 53 -62 0 114 -112 -141 38 -23 -81 19 78 -133 161 -64 -35 -12 19 16 29 10 125 14 216 -79
-13 91 -77 56 -110 -28 -69 94 197 -13 83 -28 54 -151 -14 47 -221 16 -8 21 -31 4 -55 58 54 80 -51 -67 158 59 32 -12 -20 -111 131 -116 169 223 202 9 2 -34 69 -29 -116 -5 -50 -143 122 45 95 -87 83 -135 -3 -66 -171 201 55 15 61 3 -44 -73 154 59 35 54 121 106 67 108 -29 155 95 151 -39 31 -59 77 -60 145 30 -3 14 -69 201 22 70 8 -10 8 -43 -82 30 -29 -91 63 -77 -39 18 64 110 107 -74 183 -34 29 29 -154 -76 57 155 60 34 97 -143 99 188 50 74 3 201 -37 -90 6 96 91
140 95 116 10 51 -130 1 -65 -155 -53 77 -10 46 3 64 -219 -55 74 -129 4 7 72 -85 159 -10 -132 152 100 87 -121 -130 219 67 -95 -43 -44 -20 -121 51 -12 -15 76 -36 78 20 67 208 23 36 142 -45 -33 30 -52 161 39 27 8 39 -78 -75 -95 121 -10 9 80 41 -8 79 172 64 56 -11 128 146 -55 98 -49 14 -16 -71 108 115 106 67 -36 146 160 147 -6 116 49 -52 42 -2 -42 73 -62 -133 -22 141 -122 60 72 161 138 14 50 39 -19 -135 94 -116 -48 -86 37 -97 -46 -138 77 -7 -15 -2 -36 -51 114 -120 -7
-20 79 9 151 5 -17 87 0 33 25 -72 66 -32 -91 130 134 -92 -42 -40 79 157 5 -8 -117 -18 71 -123 -15 81 -84 -46 78 -39 146 -91 9 23 -16 43 -35 -55 103 122 88 110 128 8 -94 102 -87 16 60 85 89 15 67 62 -113 -174 -43 -59 39 -75 130 -58 -86 43 18 -106 -99 197 200 -23 50 -33 197 0 -104 274 36 176 -96 33 119 -90 -20 -151 30 80 -107 7 -39 -76 -168 47 122 20 159 156 218 -110 -10 -190 -44 -88 -216 -57 -110 68 142 30 -8 1 100 23 -6 175 41 -28 -16 16 74 69 34 -90 -9 -69 -68
104 135 88 84 -70 -2 126 133 65 -71 212 6 69 263 90 38 -80 -72 -6 115 51 165 -32 -18 36 184 190 25 213 -64 -143 176 258 -11 -99 211 134 63 317 -77 71 2 113 288 123 205 -44 143 47 -36 14 270 -80 -118 42 -9 -13 17 -62 -53 -52 126 81 0 132 9 -45 276 58 64 75 -155 -141 241 -104 159 -7 23 13 48 54 60 260 54 74 10 105 124 74 -108 -111 -20 26 151 68 34 92 -43 39 -78 -73 -19 156 120 276 121 13 -47 196 150 -4 -8 181 110 -73 23 -42 -136 120 201 73 52 98 108 -43 186 -94 -9
128 167 26 -73 45 34 128 82 13 -63 51 8 155 175 51 9 153 132 95 49 63 137 8 -5 47 -89 214 33 43 16 125 136 -17 -21 -107 24 13 116 56 -61 -89 71 -129 70 -76 53 -43 15 38 108 130 74 -11 4 71 -13 -186 48 32 63 -2 14 271 -28 82 152 66 136 -132 52 133 14 52 185 101 92 96 33 108 131 145 47 113 126 -25 67 92 145 63 100 -45 17 33 87 -79 35 47 24 7 64 -45 25 82 17 88 206 178 50 54 -53 14 33 132 136 -184 85 81 -38 -50 75 54 -125 5 -13 -73 75 85 96
156 72 100 89 -75 123 114 -37 403 -39 108 44 94 143 -21 -75 -17 -7 -55 208 25 31 -55 -14 -90 47 -50 -26 56 33 -22 57 -8 -2 87 113 10 309 135 -8 28 -60 9 48 82 82 12 143 -154 153 -57 -43 42 -52 58 -123 78 17 95 -185 127 17 -155 62 195 -162 90 40 95 117 -62 -192 -71 159 -118 -77 -148 268 216 110 -71 -50 113 -85 42 61 161 135 76 75 -39 -120 139 153 -66 10 -23 -62 83 -148 -32 -143 -6 -41 209 162 161 18 163 64 -83 -102 146 123 -15 117 28 88 31 208 52 145 -55 -44 -207 -7 164 27
95 130 148 4 72 -34 215 35 -193 -134 63 31 192 220 63 79 -60 -50 114 -59 133 -202 -59 -91 14 75 319 250 73 45 -76 85 81 81 -12 24 -65 13 142 130 42 41 -177 32 -88 34 194 68 87 -68 -115 -121 17 91 37 78 5 -102 54 112 -101 13 34 -35 21 27 -74 118 15 -22 19 32 168 72 -4 115 -94 44 91 88 152 139 134 219 138 -31 165 204 4 22 -79 101 -200 20 191 164 86 121 200 -74 -5 -77 266 -84 153 -87 175 37 -75 -86 -185 163 138 175 -134 118 -46 65 -2 206 -181 164 72 81 -11 122 163 -46
20 135 57 -46 31 18 -12 170 22 37 115 191 -74 19 98 81 91 159 123 135 18 -26 -36 77 21 -117 86 46 23 143 -20 -79 -16 36 74 37 -101 -35 65 6 -16 65 -18 110 101 -151 184 2 -133 -49 27 48 42 -9 -56 92 209 -24 4 -21 34 57 -113 50 78 -2 85 -77 -14 -113 -146 -143 2 47 119 164 55 21 19 -70 -176 100 -23 -165 25 31 35 -93 -111 -21 -53 -95 38 -81 -82 -178 22 49 76 9 -130 0 -144 -109 138 -84 -28 59 31 7 -44 56 37 208 116 -39 149 142 -147 -16 61 -73 -6 5 3 -151 -34 63
243 -85 -14 -17 -162 -22 38 -51 114 -81 -19 58 90 -130 185 133 -27 102 8 -75 124 -58 -87 180 98 85 112 127 215 64 -37 93 47 25 83 -22 11 140 254 88 29 93 -4 -2 -26 177 -50 -6 238 80 -26 -15 -36 -4 0 119 -14 120 82 4 139 -59 -58 17 109 111 147 96 -44 59 10 57 -140 90 95 50 -21 83 -138 39 26 45 99 1 163 -221 -75 -101 64 -38 -116 35 -88 56 -11 55 176 83 -124 182 128 1 -8 -29 85 209 -213 -51 76 59 54 125 35 95 -126 135 20 62 13 156 88 181 127 4 10 -218 46 65
34 52 165 130 83 94 111 -27 47 123 -78 147 -32 -7 26 66 43 26 -54 181 178 102 -43 36 10 8 -4 -18 -76 -60 -55 25 -36 142 -28 5 145 -54 -66 42 -160 -98 -20 73 80 169 68 78 7 197 -42 -90 29 84 -64 58 187 -7 -82 -22 -10 -106 -35 34 24 5 -48 28 84 173 -36 10 -69 7 -38 109 -62 154 -39 31 -92 13 12 -20 85 188 23 49 -66 -208 209 -24 100 89 -27 -25 47 -17 228 -91 -30 69 -81 64 -21 -35 19 59 160 2 143 52 96 -10 163 -52 69 84 68 103 -216 182 -48 67 90 -43 9 79
83 55 -2 41 43 125 147 -42 -11 29 1 -191 108 79 116 -62 72 191 -48 -21 74 33 -16 84 -79 97 167 60 50 -3 79 -16 58 92 -101 126 87 130 -68 179 -56 -39 1 57 134 15 51 340 -5 -108 177 87 -194 47 182 113 123 78 -142 78 -138 -81 -148 63 125 -6 98 54 212 87 -15 -85 118 222 -96 -50 3 161 -25 167 36 71 -1 -62 47 -20 104 126 56 194 76 27 178 112 -88 117 76 54 199 -12 58 89 -88 -83 -7 7 99 169 126 156 75 -22 112 34 137 126 -51 62 -56 171 -105 77 17 47 26 181 144 82
95 61 152 -3 153 -32 179 51 52 61 72 -24 13 -116 87 77 158 52 56 -3 -55 189 80 123 120 45 56 191 -37 161 38 25 16 41 46 -82 -57 29 119 5 -102 121 -133 135 -58 188 179 154 -28 60 -65 -50 -118 4 215 71 -77 -5 195 -110 -154 68 20 17 101 152 -10 63 -110 34 134 -232 -106 142 -53 -21 36 58 -48 201 119 5 111 159 123 57 122 16 1 30 1 -27 -23 122 48 83 -55 -33 128 -48 97 -96 307 -4 151 135 108 -29 -15 18 60 59 131 119 82 80 44 48 69 219 70 56 80 -77 117 72 47 131
102 227 214 41 -142 -68 3 145 -179 34 86 55 -18 21 -18 -231 1 1 -8 120 48 -6 35 30 65 18 -11 -27 122 47 -145 76 -45 -98 -7 25 56 37 136 130 9 104 -53 14 161 -31 34 31 -17 23 -47 -57 -40 -15 97 -77 -121 42 -128 0 7 142 83 127 18 176 -58 53 -17 13 26 -37 49 169 182 -38 17 72 128 68 -80 100 204 10 -59 -89 -40 308 11 -97 -2 114 -114 -22 -96 -26 84 12 55 -89 113 -47 65 38 -44 116 117 -79 31 92 -50 176 117 111 -26 86 101 -29 233 92 92 85 -10 209 -49 -150 -115 43
67 4 -55 146 189 102 79 -156 -35 77 9 148 27 45 7 -65 145 -14 217 191 -20 -157 108 91 -55 91 129 -11 -63 134 75 -4 159 35 -80 19 37 73 -15 -55 29 -109 127 60 -113 6 208 61 -125 -138 121 -65 41 153 95 -27 77 41 12 -112 -23 -62 -91 106 90 -20 169 138 271 34 116 35 19 87 3 -85 277 -104 -3 78 50 -51 74 -4 27 26 80 205 48 -1 80 94 68 -11 -163 34 28 12 88 121 54 -142 48 -112 171 35 70 97 -43 -1 -30 -47 33 107 30 58 28 -95 -35 -153 128 51 -14 -120 -89 163 187 -39
70 148 103 53 124 80 80 -113 145 216 -79 77 5 66 108 -19 129 71 155 22 111 62 -140 59 -29 177 140 75 45 129 -39 72 42 26 130 158 57 71 200 201 30 100 282 72 49 205 130 185 130 -10 47 154 170 8 130 18 298 205 143 -90 -51 -121 -30 -15 202 -125 125 125 38 57 137 -189 -28 75 32 203 -1 17 17 113 165 -118 -19 182 107 224 219 23 -5 31 78 176 -64 70 0 52 78 -34 31 82 5 100 79 -39 115 -167 -48 -172 -105 10 66 -29 149 226 29 80 74 -98 43 24 180 7 155 116 -20 86 95 185
74 245 121 259 171 37 -84 -137 69 199 7 168 96 128 10 8 -3 -10 -44 110 -27 117 54 146 134 158 6 232 2 -23 -144 193 158 6 -40 16 120 49 189 146 82 28 96 -23 135 -42 134 224 119 46 34 -35 37 -68 212 93 19 74 32 -231 13 -105 -47 92 45 -44 47 79 196 89 65 79 -13 179 91 174 14 0 156 -77 -86 -98 -53 177 51 62 17 -4 231 122 155 83 32 -54 -19 65 54 59 -48 93 13 2 -35 92 49 109 118 -82 72 96 148 166 -6 -1 -30 85 116 60 49 118 77 182 60 -17 -71 -5 -100 135
-2 58 -51 88 74 -97 162 10 22 -7 53 176 -118 81 54 -58 84 30 7 -75 118 55 164 119 -107 107 189 176 107 -185 -34 -16 221 142 41 -164 75 -92 -36 -121 -41 63 32 -13 99 -108 -80 49 14 -28 -16 274 -75 -24 65 36 105 49 90 41 150 -83 -29 -59 -65 38 -14 120 16 109 20 -46 69 223 -54 19 20 273 121 88 18 -73 245 -60 -64 -44 193 64 137 -63 113 -69 -80 93 4 -24 159 -93 261 135 -202 79 13 -31 -128 68 -27 67 177 89 16 91 -49 -8 -40 61 -195 -21 9 54 -148 98 -82 -25 -6 85 21 -69
-3 -73 154 -138 53 155 62 36 -47 -84 73 -66 -114 27 84 25 139 54 21 139 123 -10 -54 171 -55 -229 19 43 7 94 26 76 -25 -72 128 14 -98 -84 96 -18 -55 179 20 4 157 71 -16 77 18 60 63 68 166 63 135 -71 -110 -134 -15 44 -66 -10 -68 94 102 33 -35 -28 -21 198 104 37 -230 -27 148 8 -18 -45 -20 -9 63 102 94 33 10 33 103 68 -119 -62 -169 78 -26 9 -1 35 6 -171 -138 -142 3 45 182 -64 -112 -42 15 -4 231 44 4 -97 93 -138 -25 -3 -8 -17 18 0 12 -15 -29 -87 20 61 22 28
165 21 -8 -180 -217 85 145 -39 36 -12 0 -64 87 -31 28 -153 -70 -166 161 207 -4 72 51 41 132 -31 35 37 -50 7 93 1 156 -62 -74 -52 -6 24 187 163 194 96 -71 -59 91 100 103 32 25 143 -51 -120 140 67 -60 -82 -1 184 12 -210 9 -55 -15 67 97 -21 101 -84 -41 42 -22 11 -69 -18 24 -89 53 -64 108 22 -18 -20 -50 102 98 -32 -49 221 -11 -46 48 -39 -133 193 -34 159 27 -35 21 -68 10 99 157 94 222 106 145 118 -32 -12 -138 -68 191 409 -35 104 244 -46 -47 100 56 7 91 93 -77 74 37 -43
107 137 -107 -271 -170 45 52 3 7 86 -96 67 96 9 96 -22 56 -84 98 -38 -51 4 74 265 -83 80 89 -98 31 -14 84 156 -8 54 -31 -49 17 -84 10 79 96 43 -64 60 111 24 -43 82 123 -140 149 146 -243 118 25 213 59 58 -40 20 64 -66 6 7 -28 -107 11 53 88 -135 149 -168 99 23 20 105 60 -86 -93 23 13 29 21 -102 38 -52 104 -88 160 37 42 56 84 20 44 -16 37 -172 22 19 -46 21 -113 -19 83 -41 -181 -143 -53 33 50 -28 116 72 68 171 -220 -8 -48 134 169 -87 99 46 -16 -109 -148 105
239 53 -111 75 17 96 -36 -38 178 38 107 -86 100 85 -53 68 -90 132 127 59 53 -38 -99 -1 -12 46 -121 -12 -42 82 -103 136 -21 30 226 38 -2 90 160 25 136 124 -96 32 48 309 -87 102 120 233 176 -28 -51 16 93 310 -90 198 168 -68 21 57 228 -21 181 143 -28 -2 29 253 -8 272 -104 176 175 13 72 172 110 70 70 148 22 108 159 123 105 163 130 -10 14 0 13 -116 -152 118 -145 52 -19 25 -3 -66 -94 91 88 114 220 -235 -133 -22 118 135 64 176 -139 -90 76 211 137 -43 -46 166 -158 103 231 -51 -79 142
-126 118 118 102 20 -127 87 -176 163 70 245 -32 85 -87 68 66 121 132 17 5 -49 32 -52 91 52 46 -29 93 -28 -29 -91 80 -7 -17 -101 -40 126 42 63 -68 -20 -14 104 39 -6 23 -65 251 62 62 -46 46 -123 -59 136 89 153 50 133 -55 -46 -5 22 80 65 -57 11 134 34 216 -37 -10 -172 149 -62 -93 20 47 -7 136 23 44 -10 78 41 84 111 96 -88 85 136 160 43 10 64 76 -33 2 -97 72 -5 36 -21 -79 105 244 -1 1 201 -40 34 44 1 129 170 195 123 -96 3 137 24 21 -53 0 -37 147 200 109
53 156 220 63 59 82 -22 -66 -48 -62 6 22 168 35 -1 -93 -50 67 -84 -25 -26 100 -122 56 -1 -71 -22 25 -9 -133 -11 79 -132 -15 126 -15 103 45 58 204 145 61 9 -139 39 -18 -61 137 -29 48 26 -78 162 86 75 -143 -161 53 6 -27 125 -53 -4 81 55 57 30 -99 143 112 -40 123 -102 102 89 121 -131 -38 18 -11 -62 221 -72 -48 -107 61 -82 235 10 -11 61 40 42 -10 -12 159 57 105 -73 113 185 23 86 48 148 109 157 92 22 -10 -51 -45 120 14 24 71 119 28 87 191 -44 176 32 7 -248 -74 -57 80
-94 41 132 95 61 41 128 291 88 275 114 109 70 170 16 28 -85 -21 -4 -163 154 95 126 51 28 156 22 121 55 -111 -45 41 76 212 150 34 72 30 -75 56 32 25 187 -24 16 -1 -21 7 262 177 25 209 -13 34 137 96 -56 14 148 105 173 -103 115 -100 0 145 -79 141 80 -55 106 -87 82 144 -143 217 62 3 15 26 68 12 55 120 -11 264 55 61 125 44 138 -71 97 -99 14 -17 65 85 100 -37 -82 23 -90 204 123 199 231 104 52 189 -25 137 88 -27 13 13 32 91 72 268 154 107 7 175 -156 153 -185 32
-33 28 -56 -48 4 59 -23 45 58 44 22 148 -12 109 90 -36 25 -144 91 116 -80 51 47 -118 82 173 -60 1 -88 45 -49 50 107 8 11 28 189 84 -20 -63 162 -38 62 228 55 63 23 -18 -106 -106 -111 122 18 -12 -54 -157 -36 -59 -68 70 -260 66 -20 92 -134 28 -73 128 53 -72 -38 -69 -88 -56 -81 -98 -65 -126 227 -164 9 -67 13 70 61 132 -95 -104 89 -55 44 19 126 43 69 -62 165 92 90 -112 -95 -33 37 21 107 54 -23 42 -3 -72 95 -29 51 82 63 149 185 -178 31 201 125 -55 103 48 67 320 9 57
76 188 12 0 46 63 116 54 -28 -9 -50 -40 -130 3 -159 68 -72 82 -59 62 72 53 -51 -152 31 22 180 16 114 -79 -22 31 130 47 -59 139 -117 -173 -2 -40 14 145 187 20 221 26 -7 -105 -81 67 138 41 174 -45 21 1 62 67 -36 2 108 50 121 98 26 22 79 -62 -11 115 182 -40 70 26 129 125 15 212 105 23 -10 158 -21 54 27 24 -15 -61 -21 -24 -72 85 15 75 135 167 59 -111 -73 17 -24 96 -102 -73 -27 -101 -15 52 130 65 -101 24 61 -2 198 28 83 -84 112 -93 -59 73 -103 -46 -115 -45 -71 42
92 -128 89 91 33 148 109 29 45 16 199 -117 74 0 133 90 57 63 75 46 -128 -113 70 173 86 100 63 29 73 27 210 -89 219 159 124 -85 -13 58 86 110 -25 -49 29 225 -12 47 35 318 -49 100 180 -106 -64 27 167 220 -152 111 34 22 47 15 -135 -2 125 83 33 -128 180 74 10 57 -64 121 -65 -97 72 -60 -224 190 -127 158 -81 102 97 139 206 125 -60 182 108 41 58 -98 -5 27 36 216 -100 -30 237 -32 14 85 20 217 183 102 65 -174 29 -110 111 163 48 -30 19 69 60 -31 -20 105 68 -10 191 59 37 197
123 -5 47 67 60 89 64 -79 147 102 53 95 -100 54 51 -240 -4 92 -122 27 126 170 -98 215 60 146 -56 187 -19 -7 13 80 53 108 58 38 66 4 -49 67 91 80 -114 -26 -117 -54 -53 -5 136 46 -76 34 19 83 15 84 -35 -72 -12 24 -29 -57 -103 -95 8 62 -31 150 38 167 89 -37 -43 25 83 131 14 5 71 102 62 58 18 102 -25 104 148 146 174 127 86 -41 40 140 -35 -21 -120 129 58 -50 -93 -111 121 153 115 -82 135 40 -109 -17 18 222 22 149 133 1 -90 23 -8 78 -2 42 105 138 -2 -1 121 64
135 236 150 91 112 24 -148 -38 1 -78 162 106 78 -2 21 -60 13 -36 129 105 -161 104 -71 65 81 9 -28 131 -102 -107 18 138 -20 -6 -127 -187 -77 6 46 31 46 -46 20 113 55 109 38 108 -115 116 12 -150 23 73 196 115 64 53 -88 51 -8 -114 -108 70 -17 -34 -130 -7 6 88 44 34 1 152 66 -182 -97 -99 113 108 21 14 -66 9 -86 85 149 171 41 130 6 -41 -7 -109 118 70 12 -15 -149 5 -9 -45 -5 -25 43 28 91 190 140 -69 47 -18 -219 -18 -138 32 175 -26 161 8 110 209 98 -135 -138 -42 124 65
58 145 118 -2 -278 119 -36 20 26 44 -123 -26 54 50 102 101 130 129 -72 -95 -80 -88 -1 34 41 -22 102 59 -53 94 117 -106 66 167 114 -27 19 -137 35 169 54 108 -117 16 122 -64 -22 198 -120 -16 -126 30 69 79 30 110 64 48 2 -88 18 98 130 71 112 -94 176 -48 89 -98 124 -88 -26 -91 -28 98 -123 170 -71 -76 -65 88 136 -32 -68 44 63 114 72 223 -18 31 -61 100 54 -16 208 81 11 54 55 88 54 -53 -19 -158 138 64 26 68 -127 -50 218 79 -4 85 114 92 18 -22 10 -37 123 101 47 -77 89 -20
-21 6 11 81 -62 -101 7 99 166 -126 78 19 216 -15 138 26 45 13 -20 73 -62 28 10 -1 -116 76 49 -58 112 -6 -79 -89 -162 99 -8 -182 277 106 -60 9 -19 -161 -101 69 -85 -61 58 82 54 -127 -39 16 -195 117 -76 -71 80 98 -39 -87 15 124 38 106 -32 42 16 116 4 -130 19 121 -35 3 -21 -33 55 141 118 13 -47 -132 97 -18 78 -99 -42 -67 156 -116 -80 31 -105 104 -110 -137 90 174 239 71 -1 154 0 1 -33 76 10 -197 19 -14 -121 -14 45 92 0 70 -93 54 98 80 -21 -101 -49 65 106 -112 104 17
27 1 15 151 73 132 26 27 17 28 12 -19 17 126 -94 27 204 105 -21 -31 -19 175 1 -9 79 2 16 132 -29 -55 163 4 35 45 -47 113 66 89 78 22 -80 -81 -24 33 -7 -17 -54 6 83 62 -93 -117 -58 -28 120 123 2 124 -66 -36 43 48 105 31 30 47 94 36 58 -1 122 143 31 202 140 132 126 4 -14 141 100 93 -7 -17 -108 2 16 106 101 100 -54 17 74 3 -9 33 47 27 -25 179 139 67 115 -31 60 4 39 -53 4 53 -75 77 56 -51 -77 -87 84 73 170 34 -72 175 81 -114 219 54 47 55
138 -76 2 -114 17 133 136 -3 -39 15 -66 -218 -7 161 92 96 -180 68 -48 -81 128 58 111 90 84 7 31 -143 -97 -83 -41 -123 110 27 -13 10 13 -24 -2 -120 69 71 40 21 -18 67 29 77 46 147 20 118 -54 21 134 60 -2 59 4 3 71 6 270 -228 221 -145 21 -51 -94 -21 1 7 73 -99 17 101 33 144 56 50 122 66 25 69 -57 -89 -8 152 131 122 83 -93 -31 59 -66 36 144 112 32 -1 -38 -78 98 113 228 -72 57 7 32 29 121 66 118 60 -38 -4 9 14 26 -82 38 143 -62 87 -19 103 -2 -120
-133 147 53 -67 1 -56 47 27 118 63 22 -24 234 149 -133 234 58 31 255 -70 -34 27 -15 -73 46 -24 -50 144 -94 21 -103 138 160 89 -13 153 84 -88 40 88 119 85 -60 111 48 -38 -44 -113 24 23 110 -30 2 134 22 68 -47 93 190 -83 -193 157 95 2 -161 14 56 -101 -85 -88 49 -183 1 61 163 57 44 -67 101 -33 105 69 -131 -13 98 103 97 132 -8 96 30 11 26 207 81 104 143 63 158 46 -103 -57 -10 -41 126 12 113 144 16 119 -125 81 90 179 141 160 306 -34 43 79 -137 -12 132 75 179 -90 -23 195
-39 -77 -78 23 93 -74 63 24 51 103 71 143 -110 111 -110 -103 -35 61 95 -79 62 -40 -158 49 20 49 65 173 -139 80 -137 109 -102 -90 -129 18 -70 0 -77 -1 28 204 58 57 -84 -47 110 -2 12 191 -65 21 58 -42 -8 -59 121 -44 40 -45 31 9 -123 -25 42 81 -184 -41 -103 61 22 -87 55 76 181 -27 63 45 -124 110 30 145 -228 116 -107 63 -42 -31 -70 -95 -1 81 -127 144 -63 94 -13 -43 141 -165 46 10 219 4 -79 -39 -124 32 72 0 -58 116 -104 8 156 44 -54 -75 102 66 9 -113 -37 6 -18 -22 49 159
65 111 149 -109 37 140 41 34 -59 -153 -61 -98 -134 150 32 83 102 205 -46 -170 -8 82 -14 20 -151 -87 97 76 -181 -65 36 174 42 104 147 -35 -71 -164 15 31 -6 -76 -51 -105 65 -78 -15 -96 44 -169 50 1 11 88 201 80 111 -96 -78 29 -112 3 76 -59 -106 1 35 -33 -1 -4 150 59 -248 -84 -44 234 -188 -1 43 188 63 86 -113 -13 -82 84 12 -114 -114 140 -120 -53 -162 -3 55 131 130 52 -62 186 -162 -133 -129 -34 97 -98 -56 51 73 3 -48 -35 0 80 24 -29 12 63 -119 -93 -10 -86 184 -59 38 9 -48 28
66 316 3 26 -64 37 -168 98 31 -9 52 -65 100 76 65 -128 35 -33 -11 76 -135 -46 -94 -41 -22 26 0 -2 -238 -99 -141 92 54 53 -20 83 -125 -30 -44 -87 -74 41 -10 21 92 -21 50 -6 -187 26 -24 159 7 103 61 -28 29 -100 -117 -58 -160 -46 -13 9 -13 130 -104 80 -21 -67 -234 -189 100 -77 72 -30 -45 113 161 33 15 115 -15 -160 15 109 65 26 43 76 -102 -240 98 29 55 91 27 -69 100 120 -236 -3 120 -64 30 -22 209 77 -82 109 47 70 49 64 -43 88 50 14 106 79 -21 128 -35 -9 -158 44 30 137
-25 39 -71 83 67 102 60 105 5 -22 82 -205 -257 84 53 192 35 64 26 -65 68 119 -33 -21 53 9 16 41 203 -3 243 73 231 327 -157 105 -86 -94 85 -237 -83 -68 -5 38 180 16 -14 -161 -6 -14 78 167 196 -130 52 38 -6 70 -159 -83 -78 70 85 69 8 34 0 163 -95 91 226 43 96 78 100 94 -17 201 136 21 30 162 112 158 -136 -99 162 -101 -46 -105 -90 -20 -28 2 120 48 66 -198 7 -10 145 24 172 -29 -90 76 -11 5 142 -9 -48 20 58 63 -47 -154 35 -145 -24 -94 -28 -15 118 -93 56 57 105 114
61 -52 -130 -131 -7 92 -29 81 11 21 -112 -10 44 31 108 -15 9 42 149 177 -72 -13 -16 -47 61 -234 -50 47 -159 51 61 31 95 12 -48 201 2 129 73 44 -45 76 62 -184 -15 178 148 166 -29 81 152 -169 104 99 151 -48 -172 -43 149 -149 -2 -50 127 63 105 63 -24 1 47 12 87 99 38 37 49 -143 127 -16 6 98 52 -56 37 -110 42 49 104 44 64 -38 -28 -44 -39 -101 74 22 -88 -224 -108 12 -76 -14 -41 37 16 173 100 -26 -51 -33 137 -12 35 83 -45 37 23 -89 -103 -30 -66 15 187 -37 -165 45 -51 84
143 175 129 -1 -43 18 21 55 25 -56 56 172 -14 88 112 1 80 138 73 267 93 134 34 67 53 112 98 93 -25 69 -56 14 297 157 -38 -53 47 137 264 200 -219 51 35 -13 91 59 45 27 35 80 24 10 56 123 43 131 111 132 -14 -86 -81 -64 -86 145 28 79 35 149 -43 36 38 -72 -8 173 105 72 134 105 114 -97 -145 132 -45 137 100 -10 119 -48 177 -85 32 -8 -73 -13 37 -6 23 73 90 142 22 164 4 30 49 138 89 11 -6 -72 119 102 177 322 19 57 4 -32 -17 -1 99 104 171 59 -5 117 13 70
133 16 99 116 -107 39 -68 56 49 11 -45 77 16 82 7 7 -4 5 -39 126 -176 -95 189 -77 72 -76 44 72 18 243 56 -20 -18 43 -19 -115 85 -7 -47 102 162 -26 -89 145 -43 57 185 68 -82 90 175 12 1 -4 161 -35 -47 11 -125 -26 -15 -51 163 37 163 155 -59 -3 113 91 175 138 82 228 59 -74 102 -15 8 10 -36 -14 -46 207 -51 -9 -54 124 59 79 201 190 62 -43 -83 94 160 -108 -98 -44 80 70 156 106 206 206 96 87 62 -98 -103 -95 -152 -91 -15 109 -84 -72 12 97 44 39 45 142 49 92 51 39
-3 26 -123 76 178 -16 238 -88 80 93 76 43 95 83 -14 83 -144 163 60 160 -2 19 49 -36 -13 252 -106 216 -104 -37 113 -19 6 137 8 -87 17 112 96 35 -93 123 -110 -10 25 -48 35 210 153 191 97 -1 -22 193 42 4 -83 -63 128 -8 34 -52 43 10 189 78 -65 -184 129 -3 52 132 43 129 81 -96 54 109 -70 84 21 46 87 234 75 -45 -36 50 192 67 42 148 -65 -72 26 148 -129 96 -26 43 95 -34 31 62 -77 -117 263 141 143 4 48 182 -60 -94 31 77 100 -74 70 -66 70 138 -30 -28 6 210 50 194
9 -46 -72 119 154 -42 0 -86 62 81 -31 -43 51 76 282 -67 10 -62 102 20 -224 -216 155 18 -22 89 179 -162 35 -58 -111 -98 169 101 -169 31 49 168 22 -100 -3 172 -70 121 73 -78 -43 170 -94 189 104 55 55 -94 55 -68 -152 91 -102 -11 146 -26 -59 11 89 -174 -6 170 102 -43 -31 -35 70 109 61 -93 2 -12 -26 -138 -59 -99 98 43 10 -179 -58 17 172 65 59 24 129 -74 -62 190 -17 6 32 -21 116 35 137 -26 151 -106 109 -123 -149 193 -59 -78 -17 144 -118 84 -18 -87 99 144 25 152 -43 -153 -152 38 72 -99
104 -5 74 32 50 103 233 77 -49 -46 -37 -13 96 180 34 66 138 98 86 29 34 54 0 77 99 89 261 201 33 94 -11 135 25 151 70 -60 91 35 73 58 39 66 -116 71 94 136 42 230 -120 46 75 145 -57 29 23 179 68 165 201 87 -5 99 167 -214 67 91 115 192 12 108 132 -168 52 250 -14 99 284 201 -90 22 210 -11 169 46 131 122 209 64 20 -71 147 -225 43 22 66 107 -49 9 123 194 -104 -92 155 154 77 67 54 -59 58 -91 31 79 71 151 26 78 -9 52 63 129 -123 27 -33 88 158 130 112 206
-37 38 10 16 201 88 58 -5 18 -30 -110 -112 92 94 58 -91 56 -8 -35 76 92 19 155 -93 -84 -36 166 -79 51 0 62 105 115 117 -39 1 96 91 15 -26 -130 -161 9 -17 -49 -61 80 -54 111 86 -44 56 11 -33 114 -76 -74 -113 -72 -60 -54 -40 -71 37 -88 28 -174 75 -26 64 -177 10 146 22 25 116 -9 -3 3 229 35 -31 -31 133 -45 -43 81 -19 20 -82 174 52 45 30 -72 14 -2 -17 98 -1 18 154 101 80 51 63 33 86 -36 -50 -113 53 128 81 -6 152 35 -105 -32 38 -58 46 96 -29 -151 29 -115 -36
-1 15 61 6 12 -103 -58 -18 -24 103 -86 -121 -9 -15 -47 98 95 154 -92 -144 74 119 -19 4 -112 79 -72 -95 95 39 -21 68 -39 169 -72 -185 -14 -7 49 -25 -43 -51 -4 13 -105 -45 135 47 -9 81 -88 -59 38 -172 32 164 12 -11 152 -50 -44 -1 132 -23 -14 18 138 -24 -87 -109 -15 6 -37 288 152 139 42 170 -39 81 -35 -61 21 -30 -13 103 33 36 -21 39 58 2 19 31 -60 130 20 -205 151 77 -10 -75 89 97 -107 21 -51 -111 54 99 41 53 96 -41 -9 -41 15 106 5 28 50 25 111 -175 22 -30 -230 39
144 65 -81 -32 -4 -84 130 15 -62 -80 162 -116 -73 -144 77 -5 -67 90 40 52 149 -16 135 85 42 186 -19 -96 99 7 34 -53 4 -100 162 51 -74 144 -114 30 102 18 78 124 -12 120 -18 -51 213 -52 96 37 132 10 -79 48 -89 -27 -49 -10 -38 -110 85 -65 -42 -42 65 70 12 -92 37 -119 -45 -227 107 -18 48 69 -5 28 79 -116 -143 -62 42 160 -19 -84 2 -9 -78 134 112 21 123 66 53 -25 147 -39 -42 -25 -1 -91 -48 -31 -70 62 111 33 -2 -45 4 94 157 -25 -66 -16 -39 27 135 -93 -4 -83 -87 50 -25 -13
7 147 20 -24 -17 99 89 -123 -35 67 30 137 -52 11 -16 52 88 50 -100 -159 165 -66 -72 -96 -140 21 173 86 -72 54 -95 -84 95 19 19 -4 39 -116 132 92 9 135 -6 41 26 62 116 -87 -89 -145 -55 128 -90 40 -41 162 1 14 -84 130 48 63 -76 75 193 74 52 29 123 135 51 -168 184 62 24 81 -28 134 10 132 131 -10 174 97 14 11 8 145 15 63 -34 41 -277 42 -30 -19 -78 -42 -31 76 -48 -41 -20 -80 25 -159 53 -44 33 16 177 129 19 46 -3 91 -22 144 -37 134 21 122 12 142 -4 58 -138 26
107 48 33 -8 0 163 -256 -63 112 93 -86 206 -21 91 -134 -10 -111 50 22 23 -59 135 -103 134 -248 -199 107 69 20 -57 -44 193 -2 -43 126 -14 109 -82 19 -126 7 -63 -128 163 0 21 235 -66 -24 99 279 -70 79 -17 110 -88 -31 -83 190 -157 139 -89 -62 -133 194 18 -50 -59 81 45 -50 -15 -45 24 -46 69 -186 30 20 -24 -33 3 106 85 217 104 43 16 -50 0 53 67 208 52 -114 -135 122 -167 -48 -183 -173 15 -55 118 185 -6 23 -72 6 -74 -38 -50 41 -62 -85 -131 -194 9 -153 -14 52 -109 -83 -130 89 -143 -94 -70
-20 22 -21 21 11 16 -112 105 183 -6 64 -28 -117 160 72 72 -24 -86 -57 -85 -8 -62 -2 -144 -147 1 -1 -34 98 -12 -34 67 91 180 19 164 163 37 -74 -90 -4 83 60 0 127 101 -31 112 71 87 210 129 5 6 37 -49 -129 -3 134 37 138 61 89 -128 -40 -100 -10 72 130 79 92 -132 1 47 -155 45 -193 154 24 -7 -68 -150 77 -32 -64 75 -113 -133 99 51 6 -17 307 7 90 149 -20 26 -38 -85 -54 -124 -213 67 87 -8 132 -67 84 94 -18 -45 163 11 32 21 -147 -88 50 176 -25 3 -57 -150 -62 33 -209 5
30 -76 168 114 33 -90 74 37 344 -82 28 -21 -117 21 -54 123 183 77 7 -35 -86 -26 73 -57 -6 -25 97 49 115 186 141 -77 -10 46 128 2 36 -21 151 -47 -186 -153 -50 -30 -9 131 -53 108 146 138 -39 85 -39 5 72 96 -64 -60 89 -15 141 157 -31 -13 3 -142 25 110 54 149 -111 -46 -167 -1 9 34 -131 107 -123 94 -21 -18 158 179 192 11 173 -105 -99 -15 54 58 14 21 -95 76 41 57 -108 -98 154 53 31 -69 38 195 -43 -206 268 -60 15 -73 33 78 -28 -6 128 -38 -88 -40 -60 65 13 -25 150 -106 -36 111
151 24 -89 -83 79 184 80 -19 29 -6 24 -54 217 174 176 -52 112 117 88 -3 98 15 -62 110 87 197 45 36 99 -14 -120 108 31 158 104 26 113 21 -46 39 75 60 -10 61 -95 -2 82 -26 -59 -79 194 126 -36 89 -78 151 124 79 54 21 -49 82 107 58 -64 120 46 189 -138 -55 106 0 9 144 57 171 180 -56 -24 -2 -76 131 79 102 33 -45 54 -75 165 19 -18 -31 -111 -112 -33 37 91 234 147 132 3 -118 -4 94 -73 198 105 8 -26 37 153 156 148 111 -3 90 17 143 95 -79 -49 39 28 144 91 -30 -83 139
127 -127 -58 16 142 -140 -65 98 83 -51 175 14 106 72 85 212 -61 57 -28 45 35 -56 -78 -42 -34 -9 -85 34 -12 -63 4 -41 -94 -61 38 -190 101 243 40 -7 -9 -98 55 -169 104 -28 -61 -86 168 -120 34 190 -145 69 80 -177 -114 124 77 101 99 25 100 -37 -1 -69 -95 72 -82 -45 39 -11 -35 -21 61 -44 -175 210 52 135 -13 -13 -90 -97 -71 58 -195 -26 -12 -167 -28 -85 -36 -67 -12 -79 59 -8 33 47 105 -107 65 1 39 126 -25 -151 -73 -199 30 68 -138 30 89 -171 20 -86 143 44 4 32 30 14 -131 -41 -30 81
-12 43 27 -2 125 21 -16 14 20 143 140 75 92 7 -51 51 1 123 139 97 -18 108 -22 -44 151 63 49 204 -153 105 -51 -73 76 -77 -136 39 102 -8 -5 227 80 93 115 13 -19 39 68 182 76 206 22 -163 4 -6 -43 48 116 213 232 -60 241 -104 225 -71 278 -127 197 -113 112 -30 59 29 93 -67 32 124 88 191 -58 49 25 -99 23 169 2 12 -51 90 129 88 185 95 -15 30 -20 91 167 68 -139 -10 -49 -48 -26 139 167 39 130 207 114 92 188 52 -86 84 -75 79 252 35 160 26 213 242 -105 -83 -34 176 127 -35
10 112 122 -62 66 -109 43 37 53 61 25 -34 102 -180 -17 212 30 209 45 52 66 103 -78 50 -12 124 143 161 5 118 165 -44 -32 113 38 38 67 102 130 181 -19 115 -108 182 25 -14 -113 115 -43 -8 156 36 170 -60 131 19 14 45 138 25 24 -49 21 42 62 -12 136 -206 -202 105 5 -99 93 298 276 -6 107 -2 1 115 115 -1 45 254 32 -47 9 62 -50 188 -49 147 186 -223 -24 98 81 -24 -81 -98 180 87 26 -62 -44 -21 170 73 114 33 -54 -91 29 113 61 223 239 -48 -139 90 66 99 124 86 -61 72 -35 164
167 -343 -121 -71 -66 232 78 67 248 -11 -29 -96 -35 -22 191 -6 -7 20 -85 44 105 3 152 -22 -85 174 71 79 103 91 -47 -17 -23 127 50 29 40 92 -74 -103 25 -67 -36 108 -181 65 71 13 156 248 12 102 -261 30 3 27 142 70 34 62 -15 -200 47 -66 -20 160 201 71 -18 40 51 130 101 242 -52 -48 14 68 16 132 -7 78 40 92 65 -77 -65 106 47 6 -96 -123 47 -93 -213 71 -2 44 25 35 51 -128 -34 77 79 38 127 172 5 10 120 164 146 12 23 14 -81 162 97 12 -42 -55 -66 -59 89 192 -36 108
204 -147 11 149 -69 123 -79 63 159 -12 -149 -144 -99 -138 168 -187 184 -20 -29 66 76 -101 -57 -29 -23 11 16 26 27 -90 58 67 -26 66 -17 193 26 103 -48 60 -30 -12 -20 -12 97 75 -32 15 -14 121 -130 -14 159 36 14 160 108 43 -106 -41 -40 136 -70 19 -78 -15 99 150 -39 271 86 60 0 93 65 10 -45 130 158 75 134 -119 8 15 -155 117 98 58 5 42 44 31 -77 -76 -22 15 -31 -128 86 -62 166 44 88 5 -78 -36 38 -4 -48 -56 -11 -72 129 175 -17 -25 79 91 3 73 -256 106 -9 174 124 -47 -59 124
117 75 100 85 107 64 -133 -109 77 -60 160 116 -79 9 182 33 198 92 -100 138 1 136 20 236 76 0 204 21 -12 145 -150 -85 182 -91 20 -117 33 -48 35 -41 -88 76 11 82 141 112 102 69 -44 30 -13 112 -198 107 102 148 12 156 -136 14 51 217 9 107 165 62 57 183 162 203 168 -146 0 72 41 60 -68 107 -5 44 -100 33 184 88 87 18 84 -56 113 147 78 12 -180 -31 19 -183 35 97 -44 52 31 -96 86 24 3 106 246 -96 -24 -17 141 206 -40 19 -40 -23 -107 324 -65 114 107 43 107 0 42 -26 64 -21
204 148 104 -101 136 103 -57 122 -50 72 226 139 -34 59 14 -106 5 119 15 60 -51 176 -159 166 57 171 -35 80 191 10 73 132 47 86 -58 -135 9 112 62 -6 18 54 -27 112 97 -20 20 57 -30 137 52 157 82 -77 226 -20 97 -64 3 61 139 -171 169 -65 41 143 -256 34 -29 38 -120 35 -58 59 79 12 -65 128 -7 0 -77 18 8 36 68 81 -7 -7 94 56 111 -48 191 -30 -2 94 115 66 -53 24 -75 -19 -33 211 246 281 92 137 96 -58 -84 35 -46 87 -49 -14 74 -119 101 79 167 206 40 92 -118 181 109 12
45 131 -17 53 219 -80 -54 -73 0 177 3 62 247 137 0 179 145 -164 -61 -141 13 122 71 -4 93 -24 1 95 53 -86 126 4 42 189 -98 -9 3 4 -71 3 -152 -17 -19 123 -104 55 -35 115 160 -64 19 208 -220 7 166 6 -21 -45 6 -92 -107 24 163 17 -113 -84 -31 55 -31 -6 131 -27 201 36 -77 -14 -112 -38 171 87 51 85 110 196 -59 181 -11 85 77 136 69 152 203 -21 -1 -88 -14 -16 158 28 115 -48 9 120 39 -7 179 -241 64 5 -144 19 -52 6 9 -32 -25 -10 -119 93 -118 -34 -33 -96 34 19 -42 -13
293 100 -6 -63 -134 72 83 44 116 3 47 -89 1 16 6 78 75 75 14 205 15 166 45 15 -98 -52 47 211 22 -65 60 53 7 177 45 195 -72 104 118 130 218 249 -118 70 118 72 87 120 293 -62 115 86 22 100 133 22 90 117 182 -212 -14 26 102 -103 159 17 145 35 84 -101 104 -164 -133 -14 -16 -8 74 59 42 60 42 -80 9 84 49 54 19 8 -51 -10 -161 -82 54 14 -8 130 235 151 89 170 -200 -82 -67 -50 108 -30 -48 49 -5 -144 14 29 222 111 -12 41 26 27 25 61 -30 -12 43 20 44 -126 65 123
71 107 -133 319 29 23 -168 -140 -33 5 -20 -92 8 -40 105 -229 186 -85 -207 158 -85 73 77 81 104 14 -78 78 55 -70 -167 -41 5 -160 135 115 52 75 170 73 152 -58 -31 34 76 109 -77 89 -113 92 -26 119 -23 30 133 69 126 79 120 -197 -30 -182 2 -55 -73 44 147 26 -10 12 54 11 29 55 -16 -50 85 -15 54 -75 -111 77 -4 94 54 54 184 -27 -4 80 58 -134 22 -73 -33 -128 29 6 -13 -33 204 -66 40 -4 44 1 193 -56 -96 -121 -19 90 83 -53 -124 -62 -98 150 -4 -85 -59 91 -75 51 66 -149 -73 3
10 130 255 -8 -21 6 15 67 115 164 27 197 104 4 89 156 131 56 -32 115 41 43 -25 134 -56 170 46 8 90 279 -156 11 -137 223 -45 -119 159 191 139 5 -84 122 -52 229 55 28 -95 146 -98 142 -101 63 -115 188 159 43 -96 71 146 31 99 92 83 120 118 210 65 124 -93 85 219 74 -139 176 -87 185 283 71 24 -225 10 -91 92 50 18 -19 72 114 273 -140 -32 174 20 165 -55 -101 122 131 49 74 124 87 62 46 245 -17 71 26 83 55 -56 99 205 -37 120 162 53 62 43 205 287 180 150 91 51 -80 112 159
-111 118 -50 29 119 -88 23 -59 46 -107 318 7 11 54 -26 89 -91 40 137 10 199 -33 -188 50 -5 144 131 159 43 -22 -130 178 154 62 144 -65 54 -112 135 -39 78 -3 94 135 -54 17 55 -48 8 -31 -45 175 27 40 72 95 49 -27 135 -2 -152 69 -72 0 -61 -114 69 112 -147 104 -187 -54 -35 56 114 56 -49 -20 23 175 140 77 25 -56 -84 15 130 0 -28 14 -92 50 -26 23 -49 165 24 88 12 106 -66 -57 280 -49 -81 23 -78 62 -61 42 7 234 -43 61 -35 69 70 -125 140 75 -25 81 -29 -174 109 106 41 44
9 45 -108 -117 -235 -13 209 190 -37 -66 69 103 -5 -135 16 313 -209 -81 264 24 41 23 31 77 -15 -53 -96 74 128 33 210 13 127 82 179 -15 -17 80 106 41 106 10 -91 -25 -33 142 -30 -80 16 -84 151 56 132 -41 -111 -96 24 151 148 29 -107 -147 0 -15 67 -9 103 -89 6 -84 51 119 -6 35 49 -21 -41 41 -34 85 129 82 -2 118 95 -215 169 111 83 -100 -5 81 -114 6 115 -75 31 81 -121 -68 135 -97 35 -48 149 119 9 111 57 111 -101 -112 246 260 102 170 168 -90 65 143 163 111 84 115 69 131 -135 83
95 12 181 121 105 -119 -94 11 58 8 195 -65 66 -19 51 -116 -223 -56 32 27 -147 -35 -143 43 49 300 37 -86 196 68 -63 -81 289 -49 -104 97 256 35 108 43 8 -72 177 -25 76 -6 -72 -44 7 10 27 -4 13 93 -7 61 43 113 -170 22 181 -40 -85 -22 61 -52 132 72 86 135 -90 66 43 139 101 90 13 -27 144 3 -14 -41 88 18 130 -52 38 114 96 -9 -27 -180 -25 -141 -20 228 -25 23 8 45 119 156 -14 209 -9 -42 268 -114 -37 79 16 -35 39 453 50 77 -46 132 220 43 -57 280 -38 70 -90 100 -6 -28
-90 34 -117 67 17 -62 -35 54 161 122 -189 -54 158 -95 -175 116 152 115 -152 -46 44 92 8 31 84 -253 52 120 54 -1 0 88 -110 150 30 -41 -88 68 111 -26 95 168 -66 119 -28 76 -265 7 -46 0 103 185 179 -54 -39 18 17 145 96 -75 -8 -95 20 39 37 228 113 -83 -16 -68 10 167 -53 146 119 13 112 -108 7 -129 95 111 75 -11 -34 44 54 5 33 111 81 -38 264 -78 60 41 282 34 34 139 25 141 37 -80 -6 157 -136 -7 142 -3 -41 37 145 -136 -141 71 319 20 -155 48 -27 57 101 47 28 -62 121 58
-127 96 86 7 50 9 -150 70 -21 110 60 -43 62 -96 -60 -47 93 157 191 50 -83 101 -53 48 77 -124 -39 7 0 81 3 102 -21 -18 -137 121 -70 -37 5 -43 27 13 -143 282 114 50 -121 65 -182 89 -36 -71 101 -64 96 21 -179 -216 152 16 38 84 -69 21 276 276 21 -20 -23 55 72 132 -66 83 110 -22 101 56 -69 102 33 -69 -22 -143 30 68 27 -113 22 110 -68 -39 88 2 14 86 -28 -75 -19 -59 34 78 11 253 -49 27 88 59 -56 25 -4 29 -111 75 -2 -83 129 -2 -38 80 139 -21 -42 -82 -42 -58 -96 -106
-19 -115 26 37 42 -43 22 55 -45 81 -23 -144 -45 45 90 -195 101 -127 40 -149 -14 -87 -10 51 -9 -50 30 107 -44 -267 75 45 9 173 -120 189 141 33 14 123 39 30 111 -15 76 -88 -26 107 167 53 -80 2 91 -21 227 -25 12 -55 -7 -41 67 -52 15 53 -60 -65 -32 -82 179 107 116 -38 41 161 -73 -123 9 91 -25 218 96 -117 21 88 -101 238 -25 136 111 72 91 -18 204 -13 55 115 32 -192 -96 193 79 -68 49 148 2 -163 91 22 39 113 -169 34 -37 44 -8 68 79 -61 42 242 -120 94 -46 77 -58 190 -260 48
-4 140 -3 67 9 -106 67 -115 215 70 -27 90 90 138 -92 225 -71 -133 -71 -70 -75 -63 145 -42 -42 116 31 -44 -5 -23 -198 53 59 -19 -11 107 -102 73 43 -122 4 131 57 -64 -19 99 -129 23 -10 106 75 94 -101 133 20 -14 50 46 -3 -17 76 10 206 -69 180 70 63 144 94 -76 124 -97 -142 38 -1 -43 7 64 -28 -77 -7 114 -29 -74 66 -11 -37 69 82 130 -186 -51 -38 69 41 130 73 162 -101 166 93 -63 -79 -80 129 114 113 -14 162 97 -90 18 137 -213 53 79 78 9 30 -104 32 102 -101 143 -56 -125 39 106
141 130 157 185 156 -48 -24 26 123 21 -51 -133 97 234 -24 36 1 6 106 -106 -99 -1 66 -70 4 75 55 18 -41 -24 -17 -31 70 91 64 30 46 371 91 3 39 -58 86 -42 27 71 56 -71 6 -154 49 113 91 131 97 -93 -28 83 89 -105 71 -84 119 -25 -10 -66 6 -59 43 -129 -14 -89 19 84 -48 -12 4 170 59 -18 22 -72 164 76 39 -46 -54 79 161 26 103 -66 114 -89 -148 47 201 141 85 60 55 106 -33 -93 177 105 193 -60 80 19 -27 -31 4 76 -105 94 -1 -17 -113 4 6 242 43 53 52 78 55 31
-136 48 135 36 -106 32 72 72 25 72 53 -23 181 173 -25 -19 44 -103 89 73 -89 -150 37 163 206 -24 -39 1 -40 1 -72 69 199 -73 70 86 145 165 89 81 -15 104 62 117 198 -53 -110 286 -105 39 50 168 4 18 127 2 26 -37 71 -38 -15 -43 78 -129 -18 24 91 -12 109 -89 8 -96 -104 -76 -27 -6 -58 35 -52 -112 -57 -18 62 -31 94 189 20 81 61 116 76 -64 216 65 -84 -113 103 109 -84 9 35 13 -83 216 65 173 227 -41 100 -62 -12 79 68 -21 30 13 -24 30 22 25 77 67 -203 127 67 151 -19 164
39 152 51 75 83 154 -67 -77 -38 51 -81 83 36 -21 -104 94 12 46 61 31 24 122 -43 132 208 46 165 -22 24 83 -44 157 126 48 104 -49 195 66 112 -125 83 -113 -60 80 -17 53 214 -43 -67 -35 -23 -39 8 27 -51 -56 -1 -19 35 -128 -47 -93 39 -42 102 25 117 150 79 -11 -22 68 0 -95 -106 160 -110 69 240 -91 72 1 73 13 213 39 141 -63 102 -88 -118 -114 -32 107 36 -105 53 -105 20 -8 -36 91 88 97 117 27 41 -15 28 -95 177 207 -74 83 -32 -30 129 77 -136 44 -24 102 126 -90 -168 -64 97 67
8 31 131 55 19 154 145 89 189 10 -108 14 27 86 -5 133 199 117 79 230 35 30 71 20 25 198 10 -16 125 125 -32 -114 20 65 21 76 144 173 129 -12 -89 -74 100 -24 29 83 -132 154 -36 -65 39 119 112 83 -20 -2 170 63 -29 -142 -20 94 52 96 105 -82 194 250 43 80 259 -16 -120 38 1 81 34 187 18 -151 83 -17 32 4 -51 -51 156 -90 132 89 -71 99 82 135 53 -236 67 -75 55 80 37 97 34 -197 169 17 58 -85 201 88 -139 -99 225 207 135 116 109 -52 54 92 148 -6 -23 169 21 94 117 166
73 106 82 -61 17 -106 218 -117 -20 101 173 67 95 34 -47 50 -57 92 26 -68 56 4 62 15 -31 104 5 196 79 21 108 139 9 -58 99 87 -138 -45 9 -62 56 -152 -93 -18 152 -117 114 38 -7 5 97 -87 -11 31 148 79 -23 65 95 -4 49 -293 106 41 223 63 171 4 20 31 22 79 -21 -6 1 140 -14 10 79 50 38 -87 -73 -14 83 -19 99 70 101 195 -27 50 -90 -38 -81 73 -62 -83 -136 -3 -23 31 68 -64 3 117 158 192 63 -48 -48 -69 141 126 -125 -13 40 -156 60 -42 52 -146 12 -10 -16 24 -30 49
-37 -65 155 131 64 20 -52 -14 67 222 -17 94 -4 -106 32 44 -71 142 9 -77 -23 113 39 30 67 -9 34 127 172 48 -22 157 139 231 27 -153 -20 1 -121 -125 -68 -47 221 134 -71 -77 183 25 140 60 -20 19 31 -202 -90 -21 119 48 83 -49 239 -160 32 -84 69 54 46 -34 23 35 20 210 29 5 -156 162 153 135 -29 -88 -146 -115 -103 -14 -84 -41 77 -118 235 -35 92 132 64 -50 -133 -12 15 72 3 44 63 232 -102 37 125 223 -237 96 58 231 126 -26 -135 87 91 -119 78 76 37 72 197 160 -102 -215 -40 -102 109 -17
113 90 190 -84 63 124 -34 11 115 129 29 7 134 -60 113 -42 102 111 214 182 98 -125 7 159 -1 196 7 3 76 150 4 180 120 48 11 -28 80 107 21 -30 -156 73 -51 245 -5 -12 38 9 7 10 -20 179 54 40 82 -59 94 -104 -75 13 -125 29 92 -3 -25 51 -125 34 -36 79 -70 -21 -88 21 273 73 58 89 59 93 16 66 43 88 86 76 124 158 85 -127 32 21 42 -210 -63 92 141 158 250 -13 -51 -78 66 124 -74 21 -41 134 143 -25 37 41 121 279 211 124 151 -87 136 -75 -87 92 45 99 80 95 178 46
11 -50 -7 65 179 -15 82 -32 123 33 1 45 63 31 102 -90 67 -171 -105 41 6 20 160 44 6 10 -68 117 75 25 -137 -145 58 62 34 125 69 61 10 -55 15 2 63 39 121 31 -165 19 9 45 -19 -68 -9 73 -93 182 22 116 -147 122 36 -12 35 58 55 242 26 64 33 -120 246 44 62 17 26 9 -35 -48 39 29 -8 -50 116 -28 44 -11 35 -70 253 37 33 -55 4 -239 140 -49 69 -63 20 -5 70 -56 0 -19 -66 108 127 -23 -55 67 35 247 61 -187 -64 100 -54 132 15 25 -12 256 52 242 81 41 -60 47
29 103 -66 0 135 1 22 125 73 69 -27 109 54 176 70 -39 211 149 -44 154 67 182 28 31 62 -30 34 232 9 80 -12 -19 -41 34 112 -14 -47 8 89 105 121 48 44 13 54 -54 -108 -7 172 -130 -1 169 -107 -57 -13 67 17 1 -37 66 71 85 98 165 71 88 -39 48 -104 -44 155 -82 -70 37 -92 115 121 -27 76 101 89 77 -64 62 141 40 -147 -23 -61 -7 140 61 -26 177 192 135 157 -63 142 -18 -132 43 -41 26 151 -38 -140 63 -12 109 111 96 -106 93 76 -51 179 52 23 15 121 45 115 153 -115 -114 78 -100
134 78 130 56 -47 -69 143 83 -57 -72 223 195 -155 25 89 -84 -79 -47 108 203 78 70 -89 -25 41 -72 7 157 62 59 112 115 90 61 -166 231 -26 55 21 95 97 56 31 145 365 82 246 25 164 -95 -107 -176 18 -25 -65 151 -67 -69 -77 50 -165 162 12 56 114 157 21 -42 51 -20 192 -193 60 113 16 179 -48 27 -24 185 24 -70 -51 39 17 118 -146 -90 -2 57 30 3 -144 100 44 74 -18 -26 2 -5 -166 -118 44 -24 7 129 63 160 -2 -120 68 252 -88 57 50 -53 -35 -54 9 169 64 -90 110 76 155 27 24 24
93 -92 82 164 -9 123 61 97 57 -29 -60 -131 133 76 81 -201 -54 71 -111 -48 -72 -84 -96 -9 -80 -9 37 34 223 -13 -10 -3 108 -20 -110 125 141 13 89 21 145 -16 75 -25 -69 -40 47 89 38 25 -121 22 -83 -71 19 63 203 -69 -108 -181 -120 -31 -171 -82 51 172 8 42 27 7 -35 88 124 184 33 28 24 102 -33 99 -104 189 103 124 146 41 100 -155 95 6 -7 -115 -1 -16 -124 -164 67 -125 199 88 -22 35 -36 23 -7 -34 -10 -154 226 -57 -169 80 187 202 -66 -4 -225 117 120 -57 78 -104 -9 14 -101 -112 -58 27
-57 -58 66 -90 292 -136 102 52 26 105 181 -40 -103 -9 86 -92 -25 71 47 -2 -35 116 -4 90 -124 31 -137 232 21 -36 63 152 -3 37 -75 16 -84 -7 -53 47 -145 9 20 116 117 38 121 65 14 8 75 -105 -35 -12 83 204 178 -3 -78 41 -21 -212 -104 -27 129 197 32 153 72 -102 64 94 5 54 88 -18 206 -166 -54 214 148 -77 -24 46 159 41 60 8 -29 227 59 -63 -38 72 81 151 -41 37 79 82 -80 33 -84 173 69 30 29 188 181 34 163 -3 -298 42 52 13 -71 -84 -36 91 -84 135 17 -18 -13 104 32 108
-43 -150 12 -44 9 33 146 -70 90 94 23 101 104 -128 -60 126 100 38 17 -92 97 194 158 13 76 67 -27 187 -50 -85 67 108 90 102 -55 -70 -53 -37 209 7 1 226 -82 -28 -43 4 32 93 202 29 -120 68 -171 -1 33 140 43 114 67 -16 -128 -103 -99 37 -101 27 111 -4 20 -26 142 69 7 44 -77 -105 92 48 11 89 94 53 86 88 1 -19 61 116 155 17 17 -176 -85 -80 -39 58 -40 168 188 171 99 7 2 -49 -84 62 170 -52 57 93 132 258 211 86 -10 -114 12 183 86 -1 6 92 80 24 12 21 -185 78
215 7 93 76 -57 120 94 43 39 -23 -13 -16 22 -11 140 28 -9 126 -19 87 48 -58 177 47 182 20 57 51 -139 135 2 11 -10 -42 185 6 125 62 141 2 121 153 17 145 44 134 113 3 89 36 57 27 -112 209 122 196 -167 70 -13 54 -24 10 76 -64 14 52 118 -68 -36 -21 192 -70 168 74 60 138 184 -64 39 -88 130 -5 44 166 36 -19 -27 129 142 -6 40 -64 -46 -58 -46 -21 28 234 -69 103 15 -6 89 -140 55 85 150 78 -75 -100 210 114 15 -36 -9 70 56 17 117 76 66 33 86 -25 30 -107 146 99
67 74 131 -73 40 168 -3 103 51 22 -2 80 -130 9 229 -5 -82 103 -19 105 23 -1 -3 102 -1 -99 66 60 -72 147 121 114 -55 -159 -51 64 -74 -81 -101 -57 -53 -47 39 168 51 181 260 -36 -19 161 11 41 92 -219 53 96 238 -31 -55 -202 -200 -176 -18 -74 82 -130 -33 46 -2 148 -4 -34 -22 -152 95 28 25 138 28 10 -10 -8 -39 105 -77 136 44 -165 -43 -120 -30 -36 0 22 -133 -70 2 -47 35 -153 -51 -8 84 -21 82 31 -71 -55 91 -24 55 -41 191 64 9 -216 -102 34 -65 -26 -6 -151 -110 -121 33 -38 61 -83
-158 130 144 146 139 61 36 -80 326 11 41 169 120 140 0 74 151 37 45 144 -25 -131 203 -21 57 186 -27 136 12 181 -45 1 178 -10 80 23 76 21 30 178 39 98 -59 87 176 17 133 308 0 239 -54 -19 61 114 45 137 161 -34 107 -127 -33 124 123 -72 51 61 147 12 172 -68 63 20 -83 117 238 24 -37 67 47 -60 -18 -3 -72 66 74 167 -27 -69 -113 193 169 119 -109 -79 75 25 121 152 -52 178 92 -51 0 23 150 81 86 44 11 -83 -86 135 9 84 -71 49 64 83 -78 -68 8 151 -25 234 59 -34 77 183
1 252 184 -40 6 -21 -114 29 188 -160 184 -69 57 -18 -88 94 -27 62 72 99 -45 139 -110 -49 22 86 -93 14 -2 25 44 147 184 32 117 30 -52 57 58 -13 -55 -86 -86 44 63 84 192 108 -147 74 -100 66 -123 25 53 13 116 19 245 -43 12 48 -33 84 -11 -104 38 -20 -129 100 -93 -166 -17 26 71 4 -84 118 -64 116 -5 25 -26 24 143 -1 246 48 -120 41 -65 46 -208 109 79 -86 -95 50 -87 -31 196 -46 97 8 106 81 158 13 -12 -44 41 15 139 248 -21 -32 -13 3 211 -30 26 165 3 84 -72 -119 -135 161
-46 42 3 23 39 -114 141 -108 196 140 -73 -89 -49 80 251 157 -41 -10 10 -51 -73 -1 36 -78 119 41 -103 81 56 -46 67 85 132 195 42 136 -24 -63 -62 -7 9 80 115 -57 91 144 -34 208 -198 134 103 -26 155 38 188 17 52 73 103 -111 71 -20 247 162 92 -156 40 -59 -5 222 323 56 -58 132 -86 -56 73 144 -75 11 -73 -22 78 -85 -270 113 55 104 136 213 229 131 83 -121 70 151 -37 36 -132 59 256 64 68 66 47 100 94 101 94 267 -32 -51 24 37 -28 91 32 -206 106 19 -229 39 88 105 118 168 -45 107
156 181 18 32 109 57 -43 148 162 -12 -58 176 -100 -5 78 122 126 42 122 37 35 27 255 37 69 74 -113 10 -44 46 104 98 29 7 -83 103 -84 157 -9 105 -54 211 106 -47 28 235 218 95 -20 169 177 64 107 147 188 130 32 4 26 -92 143 28 215 68 109 155 -92 133 -15 -75 391 -14 9 5 158 118 162 190 -88 38 62 134 -165 82 -105 244 24 -159 189 0 103 165 -52 75 211 -23 118 -78 77 121 56 76 146 142 51 162 73 134 72 -93 133 -3 115 -66 83 -26 -55 -72 127 24 121 79 156 74 -4 47 -51 248
-68 151 147 185 134 -133 35 50 87 -38 199 -108 -7 -39 12 -8 -69 -75 -74 -45 -82 -12 -51 -129 16 62 2 103 272 -55 -103 -8 -60 75 -10 -97 130 27 154 10 274 110 -39 192 26 52 -16 100 33 -3 64 220 56 -68 91 31 -105 120 14 -34 90 -37 54 39 -183 -3 141 -90 72 9 -35 77 109 150 116 116 121 -62 52 -44 -69 22 162 -50 -49 22 99 -29 66 151 115 -25 70 -5 -78 238 138 87 28 80 -37 -76 -9 -52 50 68 85 -35 116 68 15 62 101 8 -130 171 -45 -82 90 134 -80 256 -11 -14 18 100 56 131
147 195 -1 121 88 -54 27 -161 -14 166 116 106 -138 -103 -50 9 17 -71 44 159 63 107 -92 132 237 104 -114 205 96 -99 46 92 71 -31 182 -20 -27 -51 86 76 51 83 157 20 -28 79 27 -48 -16 37 199 77 150 60 87 47 71 70 -1 -138 -51 -213 -6 -4 47 51 130 -37 78 -3 105 118 -115 -54 -92 15 26 -96 -68 11 -212 196 22 99 -54 20 169 -27 36 120 162 26 77 42 -116 152 150 178 -37 128 123 27 98 39 205 153 73 124 79 126 -7 93 2 -15 -135 155 2 -21 55 -36 54 192 -108 -143 -41 93 85 41
40 150 98 -100 -80 47 133 -1 40 71 -10 75 -51 -78 37 171 24 163 6 -25 86 40 29 169 88 -1 51 30 -41 103 150 34 116 -8 -119 39 -130 47 144 -227 -85 88 90 -40 -55 -38 -132 132 -140 -44 -93 106 -12 -207 19 65 132 140 -99 -37 84 -137 121 -66 185 -166 44 85 -82 102 -62 80 -176 -113 15 148 53 83 73 18 76 -99 8 2 -96 -25 -86 92 181 -85 -90 46 47 136 -34 -22 217 216 -42 -35 1 -41 112 -121 29 -58 -148 -59 195 71 104 -6 372 63 57 -42 78 51 86 -104 74 86 -11 -101 -56 -80 -11 -81
203 94 91 -136 79 64 127 68 35 13 112 -33 -103 144 -23 77 4 89 -57 45 184 210 69 107 -24 75 -43 107 174 -13 89 -33 48 307 160 4 120 26 86 2 2 54 -48 -38 98 140 91 186 186 -8 182 124 -18 238 247 76 -201 8 59 35 233 -20 321 201 192 0 -7 -24 103 -31 121 38 164 102 -54 86 51 145 96 90 -152 15 227 -13 46 -12 -112 10 169 60 19 135 70 -71 160 223 178 91 123 212 -66 -53 -22 128 -17 101 184 4 223 -63 51 151 72 -18 -68 76 -168 -9 -22 -34 62 58 82 94 -169 175 -119 124
45 39 33 47 334 -1 -79 -1 76 79 -90 3 46 94 -9 85 193 53 -81 60 -113 65 142 121 37 -58 130 52 -76 146 -157 16 141 125 -164 8 61 170 139 27 -189 23 37 -111 107 -96 13 -108 -170 -63 109 -20 -124 -96 90 103 81 143 -166 -82 -79 10 34 54 -10 22 26 219 84 -113 105 -129 108 66 106 -61 158 56 103 -144 -27 9 153 13 -37 -33 -19 7 162 188 50 -8 -46 80 -45 -74 140 -32 72 186 34 65 6 13 126 41 70 -44 45 33 123 49 86 -88 124 118 38 -25 -93 -120 115 202 127 76 -4 -50 67 9
97 113 122 -12 153 -65 -85 -134 102 -111 122 125 -100 13 74 52 44 -92 139 184 -88 87 -59 -65 59 42 103 68 15 26 -31 8 -3 -8 -159 3 32 -112 69 -135 5 20 -31 175 235 122 42 120 -124 98 28 45 19 19 102 260 -9 12 -146 108 -66 171 67 150 159 110 -29 234 -56 10 93 -87 9 53 151 -59 72 1 -42 121 -33 71 157 22 178 35 -76 7 51 10 57 -25 22 -15 59 147 51 -60 10 11 -43 107 114 -106 152 -72 -26 -34 80 -70 -33 24 -87 -67 -61 -14 -67 -135 -123 -73 154 113 -21 -13 24 142 26 65
71 1 104 27 90 39 136 3 -2 -65 -63 92 98 100 -28 120 75 30 -21 197 41 -8 13 146 -20 -2 -51 213 75 97 23 63 -30 54 162 3 92 224 17 174 -69 -152 12 -106 -34 6 133 -17 121 -16 185 -152 194 88 34 -99 -156 -50 31 -103 -26 -1 74 -10 98 4 9 42 174 -15 -20 -21 18 67 -50 126 -54 106 -45 -60 36 -146 27 -177 81 -57 66 -10 181 -77 32 149 56 152 87 131 39 -58 86 -52 -173 130 188 93 84 49 0 52 45 13 42 41 -31 9 126 283 38 63 4 148 -106 164 130 8 -23 7 152 184
79 20 32 -49 -9 22 -18 30 152 91 22 46 7 -102 96 46 20 0 99 42 12 159 -81 155 9 -11 -133 72 26 -96 -77 75 54 156 -18 44 186 120 141 8 -101 29 42 -16 -5 48 115 -18 145 -58 75 -159 21 -51 -19 -61 51 155 -41 19 105 -154 36 55 43 20 42 80 10 40 62 -41 -161 65 24 61 27 21 -39 74 -108 24 -31 -147 -42 -19 -53 87 27 58 117 9 70 -14 18 89 16 5 139 204 -70 71 -113 147 80 176 9 57 50 132 280 66 91 196 65 31 -7 -51 169 86 -17 67 141 -4 -47 127 -137 109
283 92 167 -5 67 174 54 140 233 10 64 180 -138 -98 211 -33 41 217 60 125 120 162 109 261 9 154 102 27 2 30 -82 75 35 80 55 76 71 230 2 115 -5 220 -77 25 20 195 180 172 -74 130 98 -74 122 144 202 87 -1 -69 25 -2 66 -23 -19 34 280 154 4 171 84 216 180 -55 -25 148 167 -77 44 313 122 61 119 33 -7 -13 -26 100 162 60 52 197 101 18 -28 70 62 -12 57 11 126 30 -95 -60 32 -26 50 140 100 241 138 -3 171 29 36 42 135 108 -107 130 17 172 56 107 27 76 -158 69 109 150
