30 24 -12 -54 41 35 -1 32 -21 -31 5 43 1 25 -4 47
17 -17 16 -51 46 -5 28 46 15 -14 -26 35 53 71 -46 51
3 14 26 -20 24 9 2 -4 -33 25 -38 9 38 19 -21 22
22 -6 -39 6 8 -42 -13 39 -6 0 84 -2 -32 -34 4 12
22 4 -11 -1 35 -18 10 47 -39 25 39 -8 35 -7 -3 42
-6 41 -4 8 -34 17 23 3 19 -92 -31 69 -80 26 32 16
25 43 0 5 -8 29 -16 25 -3 -80 -5 16 -21 6 44 -13
-53 8 -1 -31 -25 75 34 68 20 -41 3 59 -6 67 28 59
-31 -4 -67 -25 -56 58 -12 -15 9 -36 26 43 -19 9 26 30
2 19 7 9 -6 -28 65 22 31 20 -16 18 -32 -4 -15 23
5 73 35 13 68 18 12 23 0 32 -5 -36 19 0 -17 -15
7 41 -31 -19 -34 -5 -43 49 14 -18 65 20 -18 20 -15 40
1 45 56 54 52 5 39 -38 12 15 -49 -41 45 19 9 -27
32 0 2 -33 79 16 -23 8 -17 -42 13 -3 42 45 1 6
-8 -23 -4 -22 27 24 -43 28 -26 53 43 -22 19 -49 -1 -15
-46 -19 16 32 16 11 28 -19 -2 37 -35 -44 41 -4 -1 -37
