4 117 -52 45 -20 53 46 -31 5 48 42 -109 15 152 62 26 -52 54 26 37 -32 77 56 4 46 125 -53 35 -32 23 47 -38
-78 29 18 3 26 -34 -46 -10 46 -4 -51 12 103 -91 16 26 66 15 -22 35 -36 6 -65 -49 26 -59 25 27 120 3 2 -55
74 29 -14 54 -80 -33 -2 -22 30 57 43 24 51 -71 128 106 6 40 1 -6 50 -26 -27 8 7 -8 -13 -26 66 -103 25 -51
54 -26 77 8 80 50 103 -40 -21 53 50 -6 19 111 -29 -34 -8 105 32 6 30 21 -6 20 -2 160 36 -19 14 38 6 -5
15 71 -12 18 -71 60 2 72 -3 -42 30 7 -24 4 -26 92 -89 -48 -39 -13 25 52 137 -21 18 -33 -1 82 64 28 34 20
15 9 0 -35 61 -10 20 47 61 62 58 51 85 38 67 11 45 80 127 51 60 -60 -26 37 -18 143 -19 -59 17 -24 3 -84
-92 58 15 -36 13 37 29 -2 -89 -47 33 0 -42 15 -17 -43 -46 47 -69 27 42 -9 -56 -3 20 60 -63 4 -42 -10 49 -35
-11 -39 89 64 10 -53 0 -15 -54 -13 5 -22 -8 -13 -19 -44 14 -3 -24 17 -19 -31 9 -27 -17 21 155 -12 -11 -41 -51 -3
-15 3 0 42 20 33 -16 17 28 -53 14 -51 37 47 18 109 -39 -12 -38 -2 -17 -18 -26 -65 -43 26 -30 0 38 -4 -42 -17
3 -38 -9 -68 56 -32 -11 15 107 23 -5 28 30 36 25 -22 34 22 3 -87 -98 9 -116 53 20 1 -57 -48 -33 0 -28 -61
-75 35 -24 -31 -35 19 -6 8 58 -9 5 -52 20 21 45 43 32 -48 -42 -124 -90 1 -90 -37 -37 -49 -63 -13 4 -7 11 -36
26 19 -4 27 22 1 17 28 50 12 -2 40 92 33 7 -52 -33 -25 104 -28 -90 57 -1 1 -40 21 14 -44 6 -1 -20 -75
24 -62 -64 -31 12 5 -9 51 -27 11 -16 -13 -29 46 -30 -9 3 -13 -35 -52 -11 3 -20 -48 58 41 30 32 -27 76 -22 45
-5 20 82 14 33 0 26 -17 -99 37 15 12 13 -43 -10 -120 6 67 62 49 -36 14 -7 -36 -13 98 57 -53 13 47 -15 -49
77 14 -54 41 -43 -15 -12 1 42 34 -63 -14 -2 10 8 10 -1 67 9 37 47 -35 18 5 -25 30 9 32 -59 -49 60 87
-40 81 62 -10 0 -17 15 32 -25 -49 11 -22 42 83 -71 -4 13 66 -39 -79 -65 26 12 -23 -66 38 -4 -7 -25 -43 -51 -56
-2 20 21 34 5 8 -59 71 12 -16 -120 17 -79 -52 -9 35 -27 16 -10 -40 8 -70 -5 -101 -18 20 65 -10 10 10 -42 75
7 58 -55 31 -65 6 -27 40 -17 -10 34 1 -45 24 56 -78 -5 71 5 7 -48 1 -1 7 2 73 39 2 -71 -29 47 -36
69 -39 -37 -17 6 49 -47 -2 66 -56 -4 29 68 46 1 5 -16 7 61 74 -33 -14 35 1 10 96 34 58 -77 -7 33 72
23 48 -6 26 -38 -39 -87 37 36 -18 -91 -24 125 -23 18 2 15 -8 52 58 -82 7 26 -39 -40 -10 -11 34 23 -9 -2 2
-16 33 52 7 87 94 54 -9 -2 8 -37 -54 25 41 5 -32 139 118 56 12 19 -36 -9 6 -35 31 -16 -57 -42 88 67 -62
-51 -40 11 -13 -39 -75 4 30 -49 17 53 0 -59 -27 -6 -16 -49 -41 -95 45 -30 3 -25 59 10 73 2 -9 -16 35 -44 -12
67 27 27 -2 72 62 28 -18 42 17 49 -28 49 55 -6 42 -20 -20 -23 -31 121 -125 -16 -54 55 79 -2 53 12 22 15 58
-86 84 9 -2 -60 45 36 20 -104 -42 43 26 -10 25 -61 -47 40 78 -80 25 -32 67 25 22 -3 4 4 -9 -12 55 28 -82
38 -38 6 -9 9 -8 56 24 -32 65 42 -23 -7 106 -6 -19 -19 63 65 54 17 89 50 91 27 111 16 -45 -39 7 -50 -60
33 -60 47 28 112 36 46 -30 -57 -20 -64 49 83 -36 3 -67 39 -48 40 -16 9 -25 -43 -64 6 25 52 -10 29 22 -29 10
66 -12 -12 42 -75 7 -76 13 -8 -53 -44 -14 26 -95 2 24 -64 47 30 -1 -9 -12 19 -74 -83 -20 17 -27 -43 -45 21 -18
-73 -15 83 -40 -44 -138 -36 66 -34 13 25 28 91 7 -96 -16 -9 -8 -44 39 1 74 28 80 45 38 111 -16 24 -5 2 -57
-90 14 45 -80 -6 -87 27 -27 34 47 19 0 23 57 -38 -2 -46 3 -34 -6 -136 45 -53 18 -34 48 -34 -5 66 10 -77 5
-52 48 -36 -3 43 -43 24 64 10 33 -38 24 -94 6 66 18 39 13 14 -5 44 -35 -37 -29 55 -55 -26 24 73 -34 -44 -22
-20 -51 13 -32 -20 -42 48 -3 -39 -24 -18 7 112 -31 15 21 63 -20 10 -6 76 -21 -55 27 13 -36 -13 -25 2 20 51 -88
-49 25 15 -50 105 39 62 -36 -24 54 -4 -5 -28 94 -39 -12 -36 41 -35 14 74 3 -25 -15 34 171 -28 -28 -60 67 -64 -17
